# 2D Orszag-Tang MHD vortex diagnostics
# step time dt E_kin E_th E_mag E_Q E_cons E_Q_minus_E_cons min_rho_raw min_ei_raw min_p_raw divB_cell_L2 divB_face_L2
0 0.0000000000000000e+00 0.0000000000000000e+00 3.4451418533666458e+02 6.2012553360599645e+02 1.2402510672119928e+02 1.0886648256638603e+03 1.0886648256638605e+03 -2.2737367544323206e-13 2.7777777777777781e+00 2.4999999999999982e+00 1.6666666666666656e+00 6.8451357400491675e-16 0.0000000000000000e+00
1 6.4344431001039214e-03 6.4344431001039214e-03 3.4451400509742598e+02 6.2012844383266201e+02 1.2402237673377236e+02 1.0886648256638603e+03 1.0886648256638605e+03 -2.2737367544323206e-13 2.7765845863935503e+00 2.4982214325844407e+00 1.6654809550562939e+00 1.5948572895031966e-04 1.0918880284729692e-15
2 1.2864744944637962e-02 6.4303018445340410e-03 3.4451563435565589e+02 6.2013144686712974e+02 1.2401774444107461e+02 1.0886648256638603e+03 1.0886648256638607e+03 -4.5474735088646412e-13 2.7751916187078760e+00 2.4961423433862229e+00 1.6640948955908155e+00 3.0320034038788059e-04 1.5010198303904827e-15
3 1.9291571202321122e-02 6.4268262576831587e-03 3.4451904194523087e+02 6.2013456494864033e+02 1.2401121876998914e+02 1.0886648256638605e+03 1.0886648256638605e+03 0.0000000000000000e+00 2.7736665225659420e+00 2.4938663104089991e+00 1.6625775402726661e+00 4.3598208706243253e-04 1.8263483219722518e-15
4 2.5715596969925494e-02 6.4240257676043740e-03 3.4452418993854099e+02 6.2013782510826866e+02 1.2400281061705081e+02 1.0886648256638605e+03 1.0886648256638603e+03 2.2737367544323206e-13 2.7722423946017880e+00 2.4917774348096251e+00 1.6611849565397503e+00 5.5845241939639194e-04 2.0822471939797366e-15
5 3.2137606318523269e-02 6.4220093485977759e-03 3.4453104027571084e+02 6.2014126128515113e+02 1.2399252410299832e+02 1.0886648256638603e+03 1.0886648256638605e+03 -2.2737367544323206e-13 2.7708437978682605e+00 2.4897225127120670e+00 1.6598150084747114e+00 6.7132846426839435e-04 2.3196700392922814e-15
6 3.8558299859141873e-02 6.4206935406186053e-03 3.4453953399320193e+02 6.2014491985951213e+02 1.2398037181114640e+02 1.0886648256638605e+03 1.0886648256638605e+03 0.0000000000000000e+00 2.7690645149857431e+00 2.4870634652519739e+00 1.6580423101679826e+00 7.7589312716189944e-04 2.5567355628735030e-15
7 4.4976049623753851e-02 6.4177497646119757e-03 3.4454959205156047e+02 6.2014885430079175e+02 1.2396637931150816e+02 1.0886648256638605e+03 1.0886648256638603e+03 2.2737367544323206e-13 2.7672685569934332e+00 2.4842892809939947e+00 1.6561928539959967e+00 8.7290584170656989e-04 2.7440678774938753e-15
8 5.1389897635988759e-02 6.4138480122349056e-03 3.4456111592160556e+02 6.2015312584557614e+02 1.2395058389667872e+02 1.0886648256638605e+03 1.0886648256638605e+03 0.0000000000000000e+00 2.7652235189518217e+00 2.4812582382668276e+00 1.6541721588445519e+00 9.6446629324309190e-04 2.9208175730157463e-15
9 5.7799349699113503e-02 6.4094520631247428e-03 3.4457399643865972e+02 6.2015780348274927e+02 1.2393302574245139e+02 1.0886648256638605e+03 1.0886648256638605e+03 0.0000000000000000e+00 2.7626415150317611e+00 2.4776181034542777e+00 1.6517454023028519e+00 1.0532034088096462e-03 3.0659747739401460e-15
10 6.4205174128171338e-02 6.4058244290578379e-03 3.4458811621155121e+02 6.2016296706436788e+02 1.2391374238794118e+02 1.0886648256638603e+03 1.0886648256638605e+03 -2.2737367544323206e-13 2.7593238953940342e+00 2.4726885070568780e+00 1.6484590047045855e+00 1.1417327397627332e-03 3.2190937360317075e-15
11 7.0608047138103577e-02 6.4028730099322338e-03 3.4460335013661154e+02 6.2016870561906580e+02 1.2389276990818307e+02 1.0886648256638605e+03 1.0886648256638603e+03 2.2737367544323206e-13 2.7558596418220622e+00 2.4675347197452755e+00 1.6450231464968506e+00 1.2327797605488227e-03 3.3734465723497731e-15
12 7.7008610418076412e-02 6.4005632799728372e-03 3.4461956468134400e+02 6.2017511629382977e+02 1.2387014468868654e+02 1.0886648256638605e+03 1.0886648256638605e+03 0.0000000000000000e+00 2.7522823060315740e+00 2.4619239833840432e+00 1.6412826555893623e+00 1.3294927439502543e-03 3.5474137837612402e-15
13 8.3404203233431340e-02 6.3955928153549340e-03 3.4463661433883055e+02 6.2018230039675609e+02 1.2384591092827371e+02 1.0886648256638603e+03 1.0886648256638603e+03 0.0000000000000000e+00 2.7479941413252540e+00 2.4554325047399210e+00 1.6369550031599476e+00 1.4338117777266857e-03 3.6901263892083139e-15
14 8.9794636142998818e-02 6.3904329095674740e-03 3.4465434348324504e+02 6.2019036840727483e+02 1.2382011377334045e+02 1.0886648256638603e+03 1.0886648256638605e+03 -2.2737367544323206e-13 2.7434595195474869e+00 2.4486656788653534e+00 1.6324437859102356e+00 1.5472021379857369e-03 3.8312969212055383e-15
15 9.6180734660471848e-02 6.3860985174730286e-03 3.4467258745324438e+02 6.2019944004463434e+02 1.2379279816598161e+02 1.0886648256638603e+03 1.0886648256638605e+03 -2.2737367544323206e-13 2.7387392475945251e+00 2.4416672513977313e+00 1.6277781675984877e+00 1.6702769424907914e-03 3.9661173045842233e-15
16 1.0256332992893016e-01 6.3825952684583203e-03 3.4469116932870321e+02 6.2020964400067055e+02 1.2376401233448662e+02 1.0886648256638603e+03 1.0886648256638603e+03 0.0000000000000000e+00 2.7337695865345597e+00 2.4344244828392188e+00 1.6229496552261460e+00 1.8019961739711833e-03 4.1013676635853155e-15
17 1.0894322643451319e-01 6.3798965055830359e-03 3.4470990772407379e+02 6.2022111689947542e+02 1.2373380104031115e+02 1.0886648256638603e+03 1.0886648256638605e+03 -2.2737367544323206e-13 2.7286567808417135e+00 2.4269269700097249e+00 1.6179513133398167e+00 1.9408414069015509e-03 4.2477088576013650e-15
18 1.1532054914382643e-01 6.3773227093132318e-03 3.4472860826936329e+02 6.2023400063986583e+02 1.2370221675463110e+02 1.0886648256638603e+03 1.0886648256638603e+03 0.0000000000000000e+00 2.7234116580587373e+00 2.4191673838491941e+00 1.6127782558994628e+00 2.0856407612682604e-03 4.3826257858221255e-15
19 1.2169382655749891e-01 6.3732774136724757e-03 3.4474705628822068e+02 6.2024844122481159e+02 1.2366932815082802e+02 1.0886648256638603e+03 1.0886648256638603e+03 0.0000000000000000e+00 2.7180258236527863e+00 2.4111432683471690e+00 1.6074288455647794e+00 2.2361916641872224e-03 4.5085151466999592e-15
20 1.2806103759476467e-01 6.3672110372657480e-03 3.4476502487135275e+02 6.2026458667618203e+02 1.2363521411632561e+02 1.0886648256638605e+03 1.0886648256638605e+03 0.0000000000000000e+00 2.7124922825831090e+00 2.4028007532254074e+00 1.6018671688169384e+00 2.3912784746800203e-03 4.6256443238990042e-15
21 1.3442294792052012e-01 6.3619103257554601e-03 3.4478228702600194e+02 6.2028260235237633e+02 1.2359993628548207e+02 1.0886648256638603e+03 1.0886648256638603e+03 0.0000000000000000e+00 2.7066308574540932e+00 2.3940611719722313e+00 1.5960407813148210e+00 2.5505522132419048e-03 4.7519708307474879e-15
22 1.4078035759437085e-01 6.3574096738507413e-03 3.4479860764786889e+02 6.2030265853373328e+02 1.2356355948225814e+02 1.0886648256638603e+03 1.0886648256638605e+03 -2.2737367544323206e-13 2.7004283909987863e+00 2.3849216972145491e+00 1.5899477981430328e+00 2.7145917618944105e-03 4.8412113744190018e-15
23 1.4713407971727496e-01 6.3537221229041062e-03 3.4481374587815623e+02 6.2032493221037760e+02 1.2352614757532645e+02 1.0886648256638603e+03 1.0886648256638603e+03 0.0000000000000000e+00 2.6938215973585695e+00 2.3754279563051370e+00 1.5836186375367582e+00 2.8831481832119247e-03 4.9567067603773238e-15
24 1.5348488592872347e-01 6.3508062114485111e-03 3.4482745746937172e+02 6.2034960618925857e+02 1.2348776200522997e+02 1.0886648256638603e+03 1.0886648256638605e+03 -2.2737367544323206e-13 2.6870338346595655e+00 2.3655341026578549e+00 1.5770227351052368e+00 3.0555520753112689e-03 5.0531268614130068e-15
25 1.5983350351906481e-01 6.3486175903413383e-03 3.4483948396472562e+02 6.2037686649298951e+02 1.2344847520614520e+02 1.0886648256638605e+03 1.0886648256638605e+03 0.0000000000000000e+00 2.6801300923824058e+00 2.3553827728128010e+00 1.5702551818752009e+00 3.2319645204624396e-03 5.1506100198112211e-15
26 1.6617847416008830e-01 6.3449706410234827e-03 3.4484955510279036e+02 6.2040689865109289e+02 1.2340837190997703e+02 1.0886648256638603e+03 1.0886648256638605e+03 -2.2737367544323206e-13 2.6731000495445669e+00 2.3448462190862323e+00 1.5632308127241550e+00 3.4123495352475757e-03 5.2396807014294655e-15
27 1.7251894529258968e-01 6.3404711325013938e-03 3.4485739887163254e+02 6.2043989625225220e+02 1.2336753053997566e+02 1.0886648256638605e+03 1.0886648256638603e+03 2.2737367544323206e-13 2.6656529309278612e+00 2.3339815550096414e+00 1.5559877033397611e+00 3.5972313392896309e-03 5.3566136081694587e-15
28 1.7885390783900551e-01 6.3349625464158366e-03 3.4486273887723235e+02 6.2047605253369443e+02 1.2332603425293360e+02 1.0886648256638605e+03 1.0886648256638605e+03 0.0000000000000000e+00 2.6579741859937238e+00 2.3228036298639072e+00 1.5485357532426050e+00 3.7848730802944089e-03 5.4201782270751664e-15
29 1.8518399745139252e-01 6.3300896123870019e-03 3.4486529758632724e+02 6.2051557303906077e+02 1.2328395503847236e+02 1.0886648256638605e+03 1.0886648256638603e+03 2.2737367544323206e-13 2.6500715669647437e+00 2.3113239696096768e+00 1.5408826464064513e+00 3.9742628750171179e-03 5.5271243913845808e-15
30 1.9151002078802748e-01 6.3260233366349674e-03 3.4486478508331351e+02 6.2055867331796571e+02 1.2324136726258109e+02 1.0886648256638605e+03 1.0886648256638603e+03 2.2737367544323206e-13 2.6419521873033869e+00 2.2995537084546900e+00 1.5330358056364601e+00 4.1650725162429309e-03 5.6127310184175788e-15
31 1.9783275984014564e-01 6.3227390521181622e-03 3.4486090039157637e+02 6.2060557445523546e+02 1.2319835081704848e+02 1.0886648256638603e+03 1.0886648256638605e+03 -2.2737367544323206e-13 2.6336222414320365e+00 2.2875039351420723e+00 1.5250026234280483e+00 4.3582641410228650e-03 5.7088973748461017e-15
32 2.0415296218475432e-01 6.3202023446086676e-03 3.4485333665553821e+02 6.2065650011296998e+02 1.2315498889535220e+02 1.0886648256638605e+03 1.0886648256638603e+03 2.2737367544323206e-13 2.6250879571965058e+00 2.2751858575750745e+00 1.5167905717167165e+00 4.5550097977054369e-03 5.7955234583745364e-15
33 2.1047020017648432e-01 6.3172379917300139e-03 3.4484177890719218e+02 6.2071166658007712e+02 1.2311138017659091e+02 1.0886648256638603e+03 1.0886648256638605e+03 -2.2737367544323206e-13 2.6163571312667280e+00 2.2626129604855714e+00 1.5084086403237145e+00 4.7541944842916465e-03 5.8878073124240238e-15
34 2.1678275032306746e-01 6.3125501465831442e-03 3.4482591577001148e+02 6.2077128263141708e+02 1.2306762726243174e+02 1.0886648256638603e+03 1.0886648256638605e+03 -2.2737367544323206e-13 2.6074394072304621e+00 2.2498005574701536e+00 1.4998670383134358e+00 4.9570822003896500e-03 5.9923210052869727e-15
35 2.2309139846064141e-01 6.3086481375739583e-03 3.4480543092212611e+02 6.2083558566374779e+02 1.2302380907798643e+02 1.0886648256638603e+03 1.0886648256638603e+03 0.0000000000000000e+00 2.5983417083122951e+00 2.2367582038808678e+00 1.4911721359205787e+00 5.1645919204058284e-03 6.0579213473819554e-15
36 2.2939691543700211e-01 6.3055169763607073e-03 3.4478000122053317e+02 6.2090481723063579e+02 1.2298000721269133e+02 1.0886648256638603e+03 1.0886648256638603e+03 0.0000000000000000e+00 2.5890701635794482e+00 2.2234962066499113e+00 1.4823308044332744e+00 5.3743695976566823e-03 6.1142011554680276e-15
37 2.3569946832698507e-01 6.3025528899829644e-03 3.4474929618887478e+02 6.2097921482323227e+02 1.2293631465175329e+02 1.0886648256638603e+03 1.0886648256638605e+03 -2.2737367544323206e-13 2.5796316989307591e+00 2.2100262572051403e+00 1.4733508381367604e+00 5.5866694451455609e-03 6.1919650122102916e-15
38 2.4199815141571016e-01 6.2986830887250891e-03 3.4471298373557806e+02 6.2105900567966273e+02 1.2289283624861956e+02 1.0886648256638603e+03 1.0886648256638603e+03 0.0000000000000000e+00 2.5700210453337449e+00 2.1963619309950229e+00 1.4642412873300155e+00 5.8041887322239031e-03 6.2651156238194029e-15
39 2.4829375040761020e-01 6.2955989919000590e-03 3.4467072278719763e+02 6.2114444061878191e+02 1.2284966225788089e+02 1.0886648256638605e+03 1.0886648256638603e+03 2.2737367544323206e-13 2.5602130029467913e+00 2.1825101753744005e+00 1.4550067835829339e+00 6.0296136941281183e-03 6.3544853846024304e-15
40 2.5458703969676094e-01 6.2932892891507230e-03 3.4462216214158531e+02 6.2123576980484313e+02 1.2280689371743183e+02 1.0886648256638603e+03 1.0886648256638603e+03 0.0000000000000000e+00 2.5501944266437779e+00 2.1683169308445129e+00 1.4455446205630087e+00 6.2657119427168805e-03 6.4591967018795900e-15
41 2.6087683143498208e-01 6.2897917382211442e-03 3.4456695924742661e+02 6.2133322093924039e+02 1.2276464547719343e+02 1.0886648256638605e+03 1.0886648256638605e+03 0.0000000000000000e+00 2.5400448707675549e+00 2.1539461700099469e+00 1.4359641133399648e+00 6.5143326572765139e-03 6.4985288907124484e-15
42 2.6716224869622746e-01 6.2854172612453688e-03 3.4450477666224856e+02 6.2143702624426419e+02 1.2272302275734747e+02 1.0886648256638603e+03 1.0886648256638603e+03 0.0000000000000000e+00 2.5297729302234773e+00 2.1394397694624079e+00 1.4262931796416054e+00 6.7775886157954279e-03 6.5395997276324746e-15
43 2.7344406219146322e-01 6.2818134952357567e-03 3.4443525995752458e+02 6.2154744604272400e+02 1.2268211966361173e+02 1.0886648256638603e+03 1.0886648256638603e+03 0.0000000000000000e+00 2.5193845951049778e+00 2.1248076127760376e+00 1.4165384085173585e+00 7.0562676940385764e-03 6.6115079271735607e-15
44 2.7972300703257258e-01 6.2789448411093409e-03 3.4435804853172681e+02 6.2166474291102861e+02 1.2264203422110491e+02 1.0886648256638603e+03 1.0886648256638605e+03 -2.2737367544323206e-13 2.5088861345611084e+00 2.1100601187246970e+00 1.4067067458164648e+00 7.3524712493740598e-03 6.6540593292903171e-15
45 2.8599978075938753e-01 6.2767737268149583e-03 3.4427277495372601e+02 6.2178918416372687e+02 1.2260286654640741e+02 1.0886648256638603e+03 1.0886648256638603e+03 0.0000000000000000e+00 2.4982835279657452e+00 2.0952071574371329e+00 1.3968047716247554e+00 7.6691460399816351e-03 6.7369939403143807e-15
46 2.9227504476992877e-01 6.2752640105412138e-03 3.4417906604031873e+02 6.2192103497575010e+02 1.2256472464779142e+02 1.0886648256638603e+03 1.0886648256638603e+03 0.0000000000000000e+00 2.4875825265312628e+00 2.0802580605429855e+00 1.3868387070286572e+00 8.0069324010040282e-03 6.8276210728047596e-15
47 2.9854944048711302e-01 6.2743957171842689e-03 3.4407654071422576e+02 6.2206056276580898e+02 1.2252772218382557e+02 1.0886648256638603e+03 1.0886648256638605e+03 -2.2737367544323206e-13 2.4767887089436358e+00 2.0652218600192560e+00 1.3768145733461707e+00 8.3626144963789163e-03 6.9029270342134024e-15
48 3.0482154304366793e-01 6.2721025565549279e-03 3.4396485152312721e+02 6.2220799026927853e+02 1.2249198387145469e+02 1.0886648256638605e+03 1.0886648256638605e+03 0.0000000000000000e+00 2.4659110291445714e+00 2.0501121660497335e+00 1.3667414440331558e+00 8.7323014466545272e-03 6.9491897558785785e-15
49 3.1109132892001246e-01 6.2697858763445524e-03 3.4384362862800731e+02 6.2236357764723380e+02 1.2245761938861918e+02 1.0886648256638603e+03 1.0886648256638605e+03 -2.2737367544323206e-13 2.4549558701733076e+00 2.0349387677871675e+00 1.3566258451914452e+00 9.1147122941952451e-03 7.0203121293343200e-15
50 3.1735664834096405e-01 6.2653194209516113e-03 3.4371254923844538e+02 6.2252752274571901e+02 1.2242475367969600e+02 1.0886648256638605e+03 1.0886648256638603e+03 2.2737367544323206e-13 2.4439333136263239e+00 2.0197163732046604e+00 1.3464775821364403e+00 9.5105271984510312e-03 7.0807951049206551e-15
51 3.2361823739276169e-01 6.2615890517976423e-03 3.4357123130307940e+02 6.2270009265486442e+02 1.2239350170591651e+02 1.0886648256638605e+03 1.0886648256638605e+03 0.0000000000000000e+00 2.4328483204318694e+00 2.0044521893256855e+00 1.3363014595504572e+00 9.9168185305085893e-03 7.1566575762033326e-15
52 3.2987680139161601e-01 6.2585639988543161e-03 3.4341929048458161e+02 6.2288155200823758e+02 1.2236398317104114e+02 1.0886648256638603e+03 1.0886648256638603e+03 0.0000000000000000e+00 2.4217046800402091e+00 1.9891540502537177e+00 1.3261027001691452e+00 1.0334510020647473e-02 7.2253382987871495e-15
53 3.3613304400591287e-01 6.2562426142968820e-03 3.4325634028195401e+02 6.2307216196267223e+02 1.2233632341923401e+02 1.0886648256638603e+03 1.0886648256638605e+03 -2.2737367544323206e-13 2.4105052836512026e+00 1.9738305348537732e+00 1.3158870232358491e+00 1.0770381079301034e-02 7.2920865440026041e-15
54 3.4238761979353433e-01 6.2545757876214690e-03 3.4308198810980957e+02 6.2327218743148444e+02 1.2231065012256639e+02 1.0886648256638605e+03 1.0886648256638605e+03 0.0000000000000000e+00 2.3992539710386622e+00 1.9584869173057975e+00 1.3056579448705319e+00 1.1231400861197172e-02 7.3465579991348558e-15
55 3.4864113569503968e-01 6.2535159015053793e-03 3.4289584213194246e+02 6.2348189415673767e+02 1.2228708937518017e+02 1.0886648256638603e+03 1.0886648256638605e+03 -2.2737367544323206e-13 2.3879575143324745e+00 1.9431286626330595e+00 1.2954191084220399e+00 1.1719982934872152e-02 7.4166584640816977e-15
56 3.5489417956878350e-01 6.2530438737437950e-03 3.4269750595110560e+02 6.2370154952416260e+02 1.2226577018859206e+02 1.0886648256638603e+03 1.0886648256638605e+03 -2.2737367544323206e-13 2.3766240337817730e+00 1.9277681301192995e+00 1.2851787534128665e+00 1.2235791617864976e-02 7.4840838430642545e-15
57 3.6114572220150637e-01 6.2515426327228851e-03 3.4248663840877759e+02 6.2393135759571442e+02 1.2224682965936837e+02 1.0886648256638605e+03 1.0886648256638603e+03 2.2737367544323206e-13 2.3652617733574726e+00 1.9124173805888458e+00 1.2749449203925640e+00 1.2778635495342345e-02 7.5504960334451708e-15
58 3.6739465075738653e-01 6.2489285558801465e-03 3.4226291247538433e+02 6.2417150541223100e+02 1.2223040777624497e+02 1.0886648256638603e+03 1.0886648256638603e+03 0.0000000000000000e+00 2.3538735979815617e+00 1.8970806717047752e+00 1.2647204478031837e+00 1.3347057378810744e-02 7.6168200259765031e-15
59 3.7364157299368772e-01 6.2469222363011638e-03 3.4202594345807006e+02 6.2442223846941965e+02 1.2221664373637066e+02 1.0886648256638605e+03 1.0886648256638603e+03 2.2737367544323206e-13 2.3424531457007363e+00 1.8817491161339730e+00 1.2544994107559821e+00 1.3937235629218085e-02 7.6798451712923242e-15
60 3.7988708056672882e-01 6.2455075730410850e-03 3.4177534608771140e+02 6.2468379128953973e+02 1.2220568828660920e+02 1.0886648256638605e+03 1.0886648256638603e+03 2.2737367544323206e-13 2.3309619165131599e+00 1.8663664712064456e+00 1.2442443141376305e+00 1.4542822783047317e-02 7.7535663530850569e-15
61 3.8613074924037127e-01 6.2436686736424760e-03 3.4151078032423595e+02 6.2495634671443247e+02 1.2219769862519182e+02 1.0886648256638603e+03 1.0886648256638605e+03 -2.2737367544323206e-13 2.3194166248560397e+00 1.8509575140181744e+00 1.2339716760121164e+00 1.5160206816654363e-02 7.8111381687142266e-15
62 3.9237215082535998e-01 6.2414015849887291e-03 3.4123191542563575e+02 6.2524008115854917e+02 1.2219282907967548e+02 1.0886648256638605e+03 1.0886648256638603e+03 2.2737367544323206e-13 2.3078958925567141e+00 1.8356332899118706e+00 1.2237555266079139e+00 1.5792980708481535e-02 7.8586348892299191e-15
63 3.9861185808974881e-01 6.2397072643888343e-03 3.4093838291647683e+02 6.2553519830852974e+02 1.2219124443885370e+02 1.0886648256638603e+03 1.0886648256638605e+03 -2.2737367544323206e-13 2.2964213099295172e+00 1.8204244872043263e+00 1.2136163248028844e+00 1.6445171309006149e-02 7.9174887510762053e-15
64 4.0485039918652616e-01 6.2385410967773442e-03 3.4062981940263217e+02 6.2584189524495400e+02 1.2219311101627424e+02 1.0886648256638605e+03 1.0886648256638603e+03 2.2737367544323206e-13 2.2849794478361178e+00 1.8053116369960192e+00 1.2035410913306797e+00 1.7119750935842653e-02 7.9735859641224461e-15
65 4.1108828284006382e-01 6.2378836535376915e-03 3.4030587024584509e+02 6.2616036168702522e+02 1.2219859373099008e+02 1.0886648256638605e+03 1.0886648256638605e+03 0.0000000000000000e+00 2.2735279987804446e+00 1.7902368827280970e+00 1.1934912551520649e+00 1.7824531144087993e-02 8.0184882263081603e-15
66 4.1732599589148056e-01 6.2377130514167161e-03 3.3996618565016018e+02 6.2649077031700256e+02 1.2220786969669757e+02 1.0886648256638603e+03 1.0886648256638603e+03 0.0000000000000000e+00 2.2620222667002681e+00 1.7750692422488887e+00 1.1833794948325926e+00 1.8555866473614391e-02 8.0913269402482903e-15
67 4.2356197132722312e-01 6.2359754357425622e-03 3.3961054470279930e+02 6.2683316182311160e+02 1.2222111913794939e+02 1.0886648256638603e+03 1.0886648256638603e+03 0.0000000000000000e+00 2.2504094581900662e+00 1.7599091532078173e+00 1.1732727688052116e+00 1.9307985355954540e-02 8.1640017940377236e-15
68 4.2979575183037239e-01 6.2337805031492891e-03 3.3923869482799654e+02 6.2718760501953943e+02 1.2223852581632450e+02 1.0886648256638605e+03 1.0886648256638603e+03 2.2737367544323206e-13 2.2387999364775961e+00 1.7447996245850566e+00 1.1631997497233713e+00 2.0072133646537829e-02 8.2356578153442824e-15
69 4.3602784638408365e-01 6.2320945537112553e-03 3.3885033637182624e+02 6.2755420930168623e+02 1.2226027999034784e+02 1.0886648256638605e+03 1.0886648256638603e+03 2.2737367544323206e-13 2.2271763877225967e+00 1.7297429738023498e+00 1.1531619825349000e+00 2.0837962871357186e-02 8.2779078848627674e-15
70 4.4225872868832611e-01 6.2308823042424516e-03 3.3844518999553600e+02 6.2793306744184019e+02 1.2228656822648411e+02 1.0886648256638603e+03 1.0886648256638603e+03 0.0000000000000000e+00 2.2155448461074894e+00 1.7147413963192575e+00 1.1431609308795052e+00 2.1577760372085506e-02 8.3478047473879313e-15
71 4.4848885970386376e-01 6.2301310155376526e-03 3.3802298345226257e+02 6.2832424516275114e+02 1.2231759704884666e+02 1.0886648256638605e+03 1.0886648256638605e+03 0.0000000000000000e+00 2.2039106633003316e+00 1.6997640217778944e+00 1.1331760145185965e+00 2.2281709846488525e-02 8.3935332788304024e-15
72 4.5471868820819322e-01 6.2298285043294729e-03 3.3758345276322450e+02 6.2872778781955651e+02 1.2235358508107923e+02 1.0886648256638603e+03 1.0886648256638605e+03 -2.2737367544323206e-13 2.1922793662007942e+00 1.6848159009317520e+00 1.1232106006211682e+00 2.2948655700298977e-02 8.4481890701945606e-15
73 4.6094864605822145e-01 6.2299578500282045e-03 3.3712635660419875e+02 6.2914371287150141e+02 1.2239475618816017e+02 1.0886648256638605e+03 1.0886648256638603e+03 2.2737367544323206e-13 2.1806557528866022e+00 1.6699286143231045e+00 1.1132857428820697e+00 2.3579455980150977e-02 8.4986484678453752e-15
74 4.6717831849158248e-01 6.2296724333610583e-03 3.3665154598388216e+02 6.2957193627328195e+02 1.2244134340669619e+02 1.0886648256638603e+03 1.0886648256638603e+03 0.0000000000000000e+00 2.1690449332423909e+00 1.6551104100221812e+00 1.1034069400147877e+00 2.4182899634176490e-02 8.5662856926356488e-15
75 4.7340709315125190e-01 6.2287746596694209e-03 3.3615891141353075e+02 6.3001233616202774e+02 1.2249357808830173e+02 1.0886648256638603e+03 1.0886648256638605e+03 -2.2737367544323206e-13 2.1574515348031817e+00 1.6403673481186301e+00 1.0935782320790868e+00 2.4765414897739504e-02 8.6310618483816297e-15
76 4.7963543108385431e-01 6.2283379326024332e-03 3.3564829571500900e+02 6.3046481811655053e+02 1.2255171183230074e+02 1.0886648256638603e+03 1.0886648256638605e+03 -2.2737367544323206e-13 2.1458781538915201e+00 1.6257026169603641e+00 1.0838017446402428e+00 2.5333397316431312e-02 8.7148678990018818e-15
77 4.8586317509359428e-01 6.2277440097399410e-03 3.3511959376339473e+02 6.3092923390230715e+02 1.2261599799815853e+02 1.0886648256638605e+03 1.0886648256638605e+03 0.0000000000000000e+00 2.1343283793535446e+00 1.6111205690732588e+00 1.0740803793821727e+00 2.5898507304453245e-02 8.7770695377345750e-15
78 4.9208844506684152e-01 6.2252699732472487e-03 3.3457289404403843e+02 6.3140527107793366e+02 1.2268666054188814e+02 1.0886648256638603e+03 1.0886648256638605e+03 -2.2737367544323206e-13 2.1228088208705675e+00 1.5966292550304200e+00 1.0644195033536135e+00 2.6461697539134296e-02 8.8288922297852667e-15
79 4.9831163639159076e-01 6.2231913247492356e-03 3.3400814281580000e+02 6.3189274457498652e+02 1.2276393827307379e+02 1.0886648256638603e+03 1.0886648256638603e+03 0.0000000000000000e+00 2.1113215715938196e+00 1.5822309733499669e+00 1.0548206488999781e+00 2.7006268808236818e-02 8.8772950489589073e-15
80 5.0453321631930659e-01 6.2215799277157858e-03 3.3342530687317242e+02 6.3239143775907678e+02 1.2284808103161107e+02 1.0886648256638603e+03 1.0886648256638603e+03 0.0000000000000000e+00 2.0998683594427372e+00 1.5679275320805375e+00 1.0452850213870251e+00 2.7530832863804238e-02 8.9137336940123327e-15
81 5.1075363910788851e-01 6.2204227885819417e-03 3.3282437695851883e+02 6.3290108510819255e+02 1.2293936359714903e+02 1.0886648256638603e+03 1.0886648256638605e+03 -2.2737367544323206e-13 2.0884507230969023e+00 1.5537204781920388e+00 1.0358136521280261e+00 2.8039256238679394e-02 8.9889789211975608e-15
82 5.1697334406273132e-01 6.2197049548427981e-03 3.3220537534824825e+02 6.3342139386792962e+02 1.2303805644768249e+02 1.0886648256638605e+03 1.0886648256638603e+03 2.2737367544323206e-13 2.0770700345172481e+00 1.5396111290251882e+00 1.0264074193501256e+00 2.8536951141463800e-02 9.0184009807799056e-15
83 5.2319276009745130e-01 6.2194160347199554e-03 3.3156834706619929e+02 6.3395207335542841e+02 1.2314440524223266e+02 1.0886648256638605e+03 1.0886648256638603e+03 2.2737367544323206e-13 2.0657275114469051e+00 1.5256005817073177e+00 1.0170670544715452e+00 2.9029448721683344e-02 9.0693672061467724e-15
84 5.2941230327406275e-01 6.2195431766114183e-03 3.3091338581362839e+02 6.3449278938863699e+02 1.2325865046159487e+02 1.0886648256638603e+03 1.0886648256638603e+03 0.0000000000000000e+00 2.0544243132827535e+00 1.5116897372120750e+00 1.0077931581413835e+00 2.9515687424908586e-02 9.1335350729770796e-15
85 5.3563237483793991e-01 6.2200715638771184e-03 3.3024061146408167e+02 6.3504319741092525e+02 1.2338101678885342e+02 1.0886648256638603e+03 1.0886648256638603e+03 0.0000000000000000e+00 2.0431614002910021e+00 1.4978793216798636e+00 9.9858621445324247e-01 2.9992093363095437e-02 9.1771862102324207e-15
86 5.4185336082182090e-01 6.2209859838810123e-03 3.2955017254646310e+02 6.3560293590214667e+02 1.2351171721525051e+02 1.0886648256638603e+03 1.0886648256638603e+03 0.0000000000000000e+00 2.0319395632401394e+00 1.4841699030574160e+00 9.8944660203827750e-01 3.0447424250913537e-02 9.2213757011526875e-15
87 5.4807563340342969e-01 6.2222725816087456e-03 3.2884223648836104e+02 6.3617159482042473e+02 1.2365099435507463e+02 1.0886648256638603e+03 1.0886648256638603e+03 0.0000000000000000e+00 2.0207594890355014e+00 1.4705619026494898e+00 9.8037460176632663e-01 3.0872895270526418e-02 9.2875408474191328e-15
88 5.5429707064030365e-01 6.2214372368739916e-03 3.2811727451578781e+02 6.3674852776869898e+02 1.2379902337937347e+02 1.0886648256638603e+03 1.0886648256638603e+03 0.0000000000000000e+00 2.0096261993191282e+00 1.4570609700156598e+00 9.7137398001043995e-01 3.1261397505520899e-02 9.3364067143361392e-15
89 5.6051759746917607e-01 6.2205268288724460e-03 3.2737554074006238e+02 6.3733327000343672e+02 1.2395601492036135e+02 1.0886648256638605e+03 1.0886648256638605e+03 0.0000000000000000e+00 1.9985408901992419e+00 1.4435740028565760e+00 9.6238266857105081e-01 3.1609077468850680e-02 9.4071927879187215e-15
90 5.6673763283930745e-01 6.2200353701313627e-03 3.2661724753488591e+02 6.3792535550997877e+02 1.2412222261899559e+02 1.0886648256638603e+03 1.0886648256638605e+03 -2.2737367544323206e-13 1.9875037646952733e+00 1.4301854785545494e+00 9.5345698570303306e-01 3.1917394735928743e-02 9.4538986868070952e-15
91 5.7295758069273717e-01 6.2199478534296802e-03 3.2584264412352297e+02 6.3852426938981330e+02 1.2429791215052401e+02 1.0886648256638603e+03 1.0886648256638605e+03 -2.2737367544323206e-13 1.9764885051171606e+00 1.4168960460219582e+00 9.4459736401463890e-01 3.2195688603100708e-02 9.5229195539065999e-15
92 5.7917682581456909e-01 6.2192451218318840e-03 3.2505213061888543e+02 6.3912943017300984e+02 1.2448326487196515e+02 1.0886648256638603e+03 1.0886648256638605e+03 -2.2737367544323206e-13 1.9654426461359771e+00 1.4037078684059381e+00 9.3580524560395884e-01 3.2446516787350811e-02 9.5914058655865056e-15
93 5.8539495175133160e-01 6.2181259367625145e-03 3.2424606835122148e+02 6.3974028087200782e+02 1.2467847644063107e+02 1.0886648256638605e+03 1.0886648256638603e+03 2.2737367544323206e-13 1.9544416720009459e+00 1.3906225241633785e+00 9.2708168277558578e-01 3.2672769653595009e-02 9.6067545404134122e-15
94 5.9161239168087820e-01 6.2174399295465569e-03 3.2342472909229980e+02 6.4035636656690986e+02 1.2488373000465077e+02 1.0886648256638605e+03 1.0886648256638603e+03 2.2737367544323206e-13 1.9434857321625940e+00 1.3776396749200890e+00 9.1842644994672606e-01 3.2876167223201906e-02 9.6498969135837681e-15
95 5.9782954133566280e-01 6.2171496547845729e-03 3.2258839254542960e+02 6.4097726201008288e+02 1.2509917110834785e+02 1.0886648256638605e+03 1.0886648256638603e+03 2.2737367544323206e-13 1.9325749697702377e+00 1.3647589728500726e+00 9.0983931523338191e-01 3.3057510178652480e-02 9.6920726774555513e-15
96 6.0404678743479923e-01 6.2172460991364517e-03 3.2173731589120740e+02 6.4160254315989255e+02 1.2532496661276029e+02 1.0886648256638603e+03 1.0886648256638605e+03 -2.2737367544323206e-13 1.9217094749912078e+00 1.3519800072037782e+00 9.0132000480251895e-01 3.3218996718046789e-02 9.7351289143045500e-15
97 6.1026450955351563e-01 6.2177221187163737e-03 3.2087176530914002e+02 6.4223179308320766e+02 1.2556126727151261e+02 1.0886648256638603e+03 1.0886648256638605e+03 -2.2737367544323206e-13 1.9108892863226223e+00 1.3393023062468454e+00 8.9286820416456369e-01 3.3366072631726154e-02 9.7810569764586371e-15
98 6.1648308025398557e-01 6.2185707004699569e-03 3.1999201903903725e+02 6.4286459250243956e+02 1.2580821412238360e+02 1.0886648256638605e+03 1.0886648256638603e+03 2.2737367544323206e-13 1.9001143923430721e+00 1.3267253398583734e+00 8.8448355990558236e-01 3.3497298879323130e-02 9.8403371621796777e-15
99 6.2270286403873143e-01 6.2197837847458885e-03 3.1909834024086513e+02 6.4350057263139831e+02 1.2606591279159693e+02 1.0886648256638605e+03 1.0886648256638605e+03 0.0000000000000000e+00 1.8893847380626401e+00 1.3142485282323031e+00 8.7616568548820217e-01 3.3610435600535789e-02 9.8766813043273193e-15
100 6.2892421208380944e-01 6.2213480450780487e-03 3.1819100275822251e+02 6.4413936118477591e+02 1.2633446172086194e+02 1.0886648256638605e+03 1.0886648256638605e+03 0.0000000000000000e+00 1.8787002391670962e+00 1.3018712593653516e+00 8.6791417291023454e-01 3.3707838799162372e-02 9.9344248794045474e-15
101 6.3514746785210274e-01 6.2232557682933556e-03 3.1727029130482072e+02 6.4478054757190034e+02 1.2661398678713932e+02 1.0886648256638605e+03 1.0886648256638603e+03 2.2737367544323206e-13 1.8680607777691851e+00 1.2895928851237697e+00 8.5972859008251323e-01 3.3795239373061170e-02 9.9809415726158878e-15
102 6.4137297506816549e-01 6.2255072160627718e-03 3.1633648151251083e+02 6.4542376304993309e+02 1.2690458110141640e+02 1.0886648256638603e+03 1.0886648256638605e+03 -2.2737367544323206e-13 1.8574661932999237e+00 1.2774127121118224e+00 8.5160847474121504e-01 3.3877090779507402e-02 1.0030550070340388e-14
103 6.4760010056079953e-01 6.2271254926340724e-03 3.1538995258152312e+02 6.4606862281901761e+02 1.2720625026331967e+02 1.0886648256638603e+03 1.0886648256638605e+03 -2.2737367544323206e-13 1.8469179387610020e+00 1.2653318955392092e+00 8.4355459702613955e-01 3.3956344147438373e-02 1.0094359366697286e-14
104 6.5382811400652985e-01 6.2280134457303451e-03 3.1443109217034726e+02 6.4671475898418657e+02 1.2751897450932653e+02 1.0886648256638603e+03 1.0886648256638605e+03 -2.2737367544323206e-13 1.8364175668818261e+00 1.2533516804586369e+00 8.3556778697242473e-01 3.4036217498937933e-02 1.0153390424135908e-14
105 6.6005642773028372e-01 6.2283137237538798e-03 3.1346027621119578e+02 6.4736182547415558e+02 1.2784272397850901e+02 1.0886648256638603e+03 1.0886648256638603e+03 0.0000000000000000e+00 1.8259663297932214e+00 1.2414729458532507e+00 8.2764863056883387e-01 3.4123021955731712e-02 1.0184727216771120e-14
106 6.6628539396152575e-01 6.2289662312420644e-03 3.1247776603400314e+02 6.4800959309535028e+02 1.2817746653450698e+02 1.0886648256638605e+03 1.0886648256638603e+03 2.2737367544323206e-13 1.8155638591794288e+00 1.2296947199694517e+00 8.1979647997963456e-01 3.4210597170834835e-02 1.0238591132407544e-14
107 6.7251427728953173e-01 6.2288833280059481e-03 3.1148399147062116e+02 6.4865774987203747e+02 1.2852308432120168e+02 1.0886648256638603e+03 1.0886648256638605e+03 -2.2737367544323206e-13 1.8052115682558465e+00 1.2180180453235385e+00 8.1201203021569246e-01 3.4296883318010223e-02 1.0285890400802311e-14
108 6.7874275930365258e-01 6.2284820141208534e-03 3.1047930069932482e+02 6.4930603670936762e+02 1.2887948825516790e+02 1.0886648256638603e+03 1.0886648256638605e+03 -2.2737367544323206e-13 1.7949101287346505e+00 1.2064431099070347e+00 8.0429540660468990e-01 3.4387192560228257e-02 1.0357156399524740e-14
109 6.8497127602724694e-01 6.2285167235943614e-03 3.0946392549215608e+02 6.4995428749861389e+02 1.2924661267309037e+02 1.0886648256638603e+03 1.0886648256638603e+03 0.0000000000000000e+00 1.7846589367909096e+00 1.1949686669160164e+00 7.9664577794401104e-01 3.4487244538178800e-02 1.0424987393102796e-14
110 6.9120026384029942e-01 6.2289878130525134e-03 3.0843806846174203e+02 6.5060238701299079e+02 1.2962437018912757e+02 1.0886648256638605e+03 1.0886648256638605e+03 0.0000000000000000e+00 1.7744573784388684e+00 1.1835934705472995e+00 7.8906231369819968e-01 3.4601570752673248e-02 1.0473926763448343e-14
111 6.9743015396082064e-01 6.2298901205211652e-03 3.0740191022352093e+02 6.5125021906088853e+02 1.3001269637945094e+02 1.0886648256638605e+03 1.0886648256638605e+03 0.0000000000000000e+00 1.7643048411710387e+00 1.1723162885992613e+00 7.8154419239950756e-01 3.4737627843637417e-02 1.0506512313948788e-14
112 7.0366137120300787e-01 6.2312172421872692e-03 3.0635561172332285e+02 6.5189775066794016e+02 1.3041146327259730e+02 1.0886648256638603e+03 1.0886648256638605e+03 -2.2737367544323206e-13 1.7542007181539125e+00 1.1611359070465606e+00 7.7409060469770707e-01 3.4899813730994440e-02 1.0544510240580025e-14
113 7.0989433100915522e-01 6.2329598061474020e-03 3.0529932581489595e+02 6.5254495768504819e+02 1.3082054216391623e+02 1.0886648256638605e+03 1.0886648256638603e+03 2.2737367544323206e-13 1.7441444148592053e+00 1.1500511371227315e+00 7.6670075808182114e-01 3.5085297320556347e-02 1.0584428212562527e-14
114 7.1612944051918925e-01 6.2351095100340722e-03 3.0423323282352425e+02 6.5319183940548589e+02 1.3123975343485014e+02 1.0886648256638603e+03 1.0886648256638605e+03 -2.2737367544323206e-13 1.7341353489488687e+00 1.1390608148368246e+00 7.5937387655788313e-01 3.5289052800553743e-02 1.0653025756662719e-14
115 7.2236710260536741e-01 6.2376620861781615e-03 3.0315751246573694e+02 6.5383840153810775e+02 1.3166891166001554e+02 1.0886648256638603e+03 1.0886648256638605e+03 -2.2737367544323206e-13 1.7241729452908345e+00 1.1281637951910217e+00 7.5210919679401456e-01 3.5499982007185842e-02 1.0698945639475969e-14
116 7.2860771662780910e-01 6.2406140224416469e-03 3.0207236400699674e+02 6.5448462670311380e+02 1.3210783495374989e+02 1.0886648256638605e+03 1.0886648256638605e+03 0.0000000000000000e+00 1.7142566362913496e+00 1.1173589522703944e+00 7.4490596818026300e-01 3.5711373711890690e-02 1.0749172627978608e-14
117 7.3485167853029165e-01 6.2439619024825237e-03 3.0097803573464142e+02 6.5513049776140076e+02 1.3255629216781813e+02 1.0886648256638603e+03 1.0886648256638605e+03 -2.2737367544323206e-13 1.7043858631773381e+00 1.1066451803487083e+00 7.3776345356580564e-01 3.5930256101176658e-02 1.0778468791893555e-14
118 7.4109938207087001e-01 6.2477035405784026e-03 2.9987474569556855e+02 6.5577598659271564e+02 1.3301409337557612e+02 1.0886648256638603e+03 1.0886648256638603e+03 0.0000000000000000e+00 1.6945600753887582e+00 1.0960213929737512e+00 7.3068092864916756e-01 3.6162485254722682e-02 1.0813312141134529e-14
119 7.4735121835322449e-01 6.2518362823545037e-03 2.9876270941698226e+02 6.5642111013544536e+02 1.3348100611143269e+02 1.0886648256638603e+03 1.0886648256638605e+03 -2.2737367544323206e-13 1.6847787327048032e+00 1.0854865249940475e+00 7.2365768332936509e-01 3.6388959761127812e-02 1.0852157631409149e-14
120 7.5360757465575212e-01 6.2563563025276091e-03 2.9764212314158982e+02 6.5706595622156635e+02 1.3395674630070414e+02 1.0886648256638605e+03 1.0886648256638603e+03 2.2737367544323206e-13 1.6750413083745781e+00 1.0750395356008555e+00 7.1669302373390376e-01 3.6596852413247324e-02 1.0904819915392823e-14
121 7.5986827003264279e-01 6.2606953768907184e-03 2.9651328549262570e+02 6.5771056708269384e+02 1.3444097308854086e+02 1.0886648256638605e+03 1.0886648256638603e+03 2.2737367544323206e-13 1.6653481616005521e+00 1.0646803385774950e+00 7.0978689238499670e-01 3.6817844350062030e-02 1.0949534556308212e-14
122 7.6613079340120571e-01 6.2625233685628763e-03 2.9537695413762208e+02 6.5835475626523191e+02 1.3493311526100638e+02 1.0886648256638605e+03 1.0886648256638603e+03 2.2737367544323206e-13 1.6557032213038754e+00 1.0544126353622492e+00 7.0294175690816618e-01 3.7071916909484214e-02 1.1016672128599074e-14
123 7.7239538482885040e-01 6.2645914276446332e-03 2.9423341902452546e+02 6.5899867596293859e+02 1.3543273067639623e+02 1.0886648256638603e+03 1.0886648256638603e+03 0.0000000000000000e+00 1.6461061288644090e+00 1.0442355254343878e+00 6.9615701695625865e-01 3.7361172722080581e-02 1.1056913632414523e-14
124 7.7866144884312138e-01 6.2660640142710219e-03 2.9308312474525940e+02 6.5964238423239658e+02 1.3593931668620434e+02 1.0886648256638603e+03 1.0886648256638603e+03 0.0000000000000000e+00 1.6365578023332445e+00 1.0341494610149882e+00 6.8943297400999215e-01 3.7678275149565101e-02 1.1102122707069656e-14
125 7.8492945064831099e-01 6.2680018051895657e-03 2.9192633429624090e+02 6.6028607323110543e+02 1.3645241813651398e+02 1.0886648256638605e+03 1.0886648256638603e+03 2.2737367544323206e-13 1.6270575375624423e+00 1.0241531762372480e+00 6.8276878415816544e-01 3.8022842016012824e-02 1.1131942383025810e-14
126 7.9119984440453506e-01 6.2703937562240374e-03 2.9076333151584112e+02 6.6092989769281780e+02 1.3697159645520139e+02 1.0886648256638605e+03 1.0886648256638603e+03 2.2737367544323206e-13 1.6176046627181291e+00 1.0142454518715873e+00 6.7616363458105833e-01 3.8406586683510671e-02 1.1182593058754480e-14
127 7.9747307187058980e-01 6.2732274660547297e-03 2.8959434994525856e+02 6.6157414421766930e+02 1.3749633150093254e+02 1.0886648256638603e+03 1.0886648256638603e+03 0.0000000000000000e+00 1.6081985402479519e+00 1.0044251166090157e+00 6.6961674440601049e-01 3.8832052500974108e-02 1.1228237142860358e-14
128 8.0374956043871393e-01 6.2764885681241165e-03 2.8841957156641843e+02 6.6221919029693663e+02 1.3802606380050523e+02 1.0886648256638603e+03 1.0886648256638603e+03 0.0000000000000000e+00 1.5988385698821008e+00 9.9469104937079034e-01 6.6312736624719359e-01 3.9300191378387819e-02 1.1256530164091373e-14
129 8.1002972122121886e-01 6.2801607825049843e-03 2.8723925469093695e+02 6.6286527298446231e+02 1.3856029798846100e+02 1.0886648256638603e+03 1.0886648256638603e+03 0.0000000000000000e+00 1.5895241912390023e+00 9.8504218108811503e-01 6.5669478739207676e-01 3.9820093710806900e-02 1.1297400782311265e-14
130 8.1631394804215041e-01 6.2842268209315991e-03 2.8605363954891220e+02 6.6351265203125524e+02 1.3909853408369281e+02 1.0886648256638603e+03 1.0886648256638603e+03 0.0000000000000000e+00 1.5802548539531767e+00 9.7547749556546048e-01 6.5031833037697373e-01 4.0387169352160308e-02 1.1360559216779214e-14
131 8.2260262075134494e-01 6.2886727091944969e-03 2.8486296885090843e+02 6.6416161411270684e+02 1.3964024270024507e+02 1.0886648256638605e+03 1.0886648256638605e+03 0.0000000000000000e+00 1.5710300731800289e+00 9.6599602598356271e-01 6.4399735065570851e-01 4.0950421682719389e-02 1.1411310788018371e-14
132 8.2888670429310352e-01 6.2840835417585931e-03 2.8366933486043200e+02 6.6481135893789451e+02 1.4018413186553386e+02 1.0886648256638603e+03 1.0886648256638605e+03 -2.2737367544323206e-13 1.5618630805777138e+00 9.5661081872441822e-01 6.3774054581627893e-01 4.1545713409724655e-02 1.1464430749594481e-14
133 8.3515739054117988e-01 6.2706862480763226e-03 2.8247479466307686e+02 6.6546122552268446e+02 1.4072880547809899e+02 1.0886648256638603e+03 1.0886648256638603e+03 0.0000000000000000e+00 1.5527664633035467e+00 9.4733405427795681e-01 6.3155603618530465e-01 4.2196350776665802e-02 1.1529024263099015e-14
134 8.4141471642258170e-01 6.2573258814018094e-03 2.8127965295160016e+02 6.6611161215994412e+02 1.4127356055231593e+02 1.0886648256638603e+03 1.0886648256638605e+03 -2.2737367544323206e-13 1.5437398165710965e+00 9.3816454538420380e-01 6.2544303025613590e-01 4.2903612902500367e-02 1.1558400183091512e-14
135 8.4765874538077857e-01 6.2440289581969120e-03 2.8008421551645961e+02 6.6676287018361995e+02 1.4181773996378078e+02 1.0886648256638603e+03 1.0886648256638603e+03 0.0000000000000000e+00 1.5347827285951248e+00 9.2910110972231585e-01 6.1940073981487731e-01 4.3672827409447050e-02 1.1599935705385001e-14
136 8.5388957640225294e-01 6.2308310214744022e-03 2.7888878456928796e+02 6.6741521849136052e+02 1.4236082260321183e+02 1.0886648256638603e+03 1.0886648256638603e+03 0.0000000000000000e+00 1.5258947644881604e+00 9.2014255342730911e-01 6.1342836895153952e-01 4.4504595613193032e-02 1.1647767332533751e-14
137 8.6010734415544798e-01 6.2177677531950548e-03 2.7769368885234366e+02 6.6806884090810206e+02 1.4290229590341471e+02 1.0886648256638605e+03 1.0886648256638605e+03 0.0000000000000000e+00 1.5170754638019306e+00 9.1128766873537459e-01 6.0752511249024976e-01 4.5401933363538483e-02 1.1698682999142054e-14
138 8.6631223256066436e-01 6.2048884052163808e-03 2.7649925851703142e+02 6.6872383405938126e+02 1.4344173308744760e+02 1.0886648256638603e+03 1.0886648256638603e+03 0.0000000000000000e+00 1.5083243195378022e+00 9.0253521322995900e-01 6.0169014215330607e-01 4.6375833770050078e-02 1.1756080191895867e-14
139 8.7250449052269330e-01 6.1922579620289119e-03 2.7530579805003356e+02 6.6938030714718616e+02 1.4397872046664074e+02 1.0886648256638605e+03 1.0886648256638603e+03 2.2737367544323206e-13 1.4996407550818494e+00 8.9388388753983561e-01 5.9592259169322381e-01 4.7428239097058733e-02 1.1794674093250418e-14
140 8.7868441361413163e-01 6.1799230914383009e-03 2.7411363004395571e+02 6.7003837485359975e+02 1.4451282076630480e+02 1.0886648256638603e+03 1.0886648256638603e+03 0.0000000000000000e+00 1.4910241495277545e+00 8.8533236151993777e-01 5.9022157434662526e-01 4.8553759319271104e-02 1.1831733516388015e-14
141 8.8485039357990591e-01 6.1659799657743123e-03 2.7292353476605814e+02 6.7069798283593252e+02 1.4504330806186948e+02 1.0886648256638603e+03 1.0886648256638605e+03 -2.2737367544323206e-13 1.4824765337710912e+00 8.7688193461291086e-01 5.8458795640860728e-01 4.9752685678105743e-02 1.1855188295243080e-14
142 8.9100258884170003e-01 6.1521952617940865e-03 2.7173582674697315e+02 6.7135929861763805e+02 1.4556970029924912e+02 1.0886648256638605e+03 1.0886648256638605e+03 0.0000000000000000e+00 1.4739974697934932e+00 8.6853145007163968e-01 5.7902096671442649e-01 5.1025555079645797e-02 1.1923984891034924e-14
143 8.9714120376781992e-01 6.1386149261198992e-03 2.7055070803211731e+02 6.7202250701441153e+02 1.4609161061733150e+02 1.0886648256638603e+03 1.0886648256638603e+03 0.0000000000000000e+00 1.4655864777464684e+00 8.6027971107730816e-01 5.7351980738487218e-01 5.2338350861748491e-02 1.1966963350489470e-14
144 9.0326647349941758e-01 6.1252697315976714e-03 2.6936834630311455e+02 6.7268791406003743e+02 1.4660856530070828e+02 1.0886648256638603e+03 1.0886648256638605e+03 -2.2737367544323206e-13 1.4572430388599029e+00 8.5212550140846299e-01 5.6808366760564211e-01 5.3686450204482809e-02 1.2006092566701252e-14
145 9.0937864909420585e-01 6.1121755947882786e-03 2.6818895340576296e+02 6.7335575007283819e+02 1.4712012218525919e+02 1.0886648256638603e+03 1.0886648256638603e+03 0.0000000000000000e+00 1.4489666152758425e+00 8.4406760462879160e-01 5.6271173641919447e-01 5.5074335164443933e-02 1.2053707739367109e-14
146 9.1547802195763073e-01 6.0993728634248668e-03 2.6701281148508872e+02 6.7402610242198341e+02 1.4762591175678824e+02 1.0886648256638605e+03 1.0886648256638603e+03 2.2737367544323206e-13 1.4407566227496749e+00 8.3610477106329539e-01 5.5740318070886363e-01 5.6532083481295604e-02 1.2099431077687027e-14
147 9.2156493570330145e-01 6.0869137456707563e-03 2.6584017535288331e+02 6.7469881738750678e+02 1.4812583292347031e+02 1.0886648256638605e+03 1.0886648256638605e+03 0.0000000000000000e+00 1.4326124151563573e+00 8.2823570351683495e-01 5.5215713567789004e-01 5.8067467045700705e-02 1.2134432112671646e-14
148 9.2763977404329978e-01 6.0748383399983619e-03 2.6467130284136795e+02 6.7537354154308866e+02 1.4861998127940376e+02 1.0886648256638605e+03 1.0886648256638603e+03 2.2737367544323206e-13 1.4245333019206019e+00 8.2045907294233666e-01 5.4697271529489122e-01 5.9678401659209616e-02 1.2179278407849914e-14
149 9.3370294096416717e-01 6.0631669208673520e-03 2.6350650739939744e+02 6.7605001439994533e+02 1.4910830386451752e+02 1.0886648256638603e+03 1.0886648256638605e+03 -2.2737367544323206e-13 1.4165185769662210e+00 8.1277354562931547e-01 5.4184903041954369e-01 6.1363600293841754e-02 1.2220675382209835e-14
150 9.3975488877528857e-01 6.0519478111213587e-03 2.6234611512437834e+02 6.7672778184864273e+02 1.4959092869083932e+02 1.0886648256638605e+03 1.0886648256638603e+03 2.2737367544323206e-13 1.4085674871668328e+00 8.0517774508837658e-01 5.3678516339225113e-01 6.3112203807273254e-02 1.2265169368471400e-14
151 9.4579610278019866e-01 6.0412140049100928e-03 2.6119043228131295e+02 6.7740673520592543e+02 1.5006765817662199e+02 1.0886648256638605e+03 1.0886648256638603e+03 2.2737367544323206e-13 1.4006792522826574e+00 7.9767028731617673e-01 5.3178019154411793e-01 6.4898412813529510e-02 1.2311770264203822e-14
152 9.5182708160910157e-01 6.0309788289029300e-03 2.6003968815931790e+02 6.7808690769650207e+02 1.5053822980804040e+02 1.0886648256638603e+03 1.0886648256638603e+03 0.0000000000000000e+00 1.3928460635501283e+00 7.9017681703451115e-01 5.2678454468967417e-01 6.6730069246915741e-02 1.2358707602707850e-14
153 9.5784833175783834e-01 6.0212501487367301e-03 2.5889411859354396e+02 6.7876840092181521e+02 1.5100230614850111e+02 1.0886648256638603e+03 1.0886648256638603e+03 0.0000000000000000e+00 1.3848600181388349e+00 7.8263372465894965e-01 5.2175581643929980e-01 6.8614958132328194e-02 1.2414959612768851e-14
154 9.6386037326668283e-01 6.0120415088444640e-03 2.5775388220824982e+02 6.7945125855351887e+02 1.5145968490209171e+02 1.0886648256638605e+03 1.0886648256638605e+03 0.0000000000000000e+00 1.3769363358125728e+00 7.7517822053964069e-01 5.1678548035976057e-01 7.0556145393521036e-02 1.2437029784495449e-14
155 9.6986374703922773e-01 6.0033737725448660e-03 2.5661920135272908e+02 6.8013542949596240e+02 1.5191019481516875e+02 1.0886648256638603e+03 1.0886648256638605e+03 -2.2737367544323206e-13 1.3690742071331368e+00 7.6780892815805313e-01 5.1187261877203549e-01 7.2542419314305162e-02 1.2473411083143528e-14
156 9.7585899833473477e-01 5.9952512955070208e-03 2.5549049888351809e+02 6.8082085474660221e+02 1.5235347203373993e+02 1.0886648256638603e+03 1.0886648256638603e+03 0.0000000000000000e+00 1.3612728220951558e+00 7.6052448495962421e-01 5.0701632330641622e-01 7.4524199108677996e-02 1.2502091402758121e-14
157 9.8184667899909728e-01 5.9876806643625506e-03 2.5436821268426394e+02 6.8150691306120495e+02 1.5278969991839145e+02 1.0886648256638605e+03 1.0886648256638605e+03 0.0000000000000000e+00 1.3535313684383945e+00 7.5332354069015250e-01 5.0221569379343511e-01 7.6544561353251231e-02 1.2550069045004277e-14
158 9.8782724120531573e-01 5.9805622062184764e-03 2.5325255244254916e+02 6.8219283802724124e+02 1.5321943519406992e+02 1.0886648256638603e+03 1.0886648256638603e+03 0.0000000000000000e+00 1.3458491591138786e+00 7.4620487504770339e-01 4.9746991669846896e-01 7.8631860048819432e-02 1.2588525619169003e-14
159 9.9379752023649892e-01 5.9702790311832029e-03 2.5214446846240756e+02 6.8287755704746405e+02 1.5364280015398865e+02 1.0886648256638603e+03 1.0886648256638603e+03 0.0000000000000000e+00 1.3382300764364747e+00 7.3917149000618398e-01 4.9278099333745606e-01 8.0756966205040748e-02 1.2636479524069093e-14
160 9.9975804273115676e-01 5.9605224946578444e-03 2.5104440222646650e+02 6.8356058845185771e+02 1.5405983498553610e+02 1.0886648256638603e+03 1.0886648256638605e+03 -2.2737367544323206e-13 1.3306732341155978e+00 7.3222195962746506e-01 4.8814797308497676e-01 8.2897702496889825e-02 1.2697819875185678e-14
161 1.0057093466473823e+00 5.9513039162256134e-03 2.4995266134523791e+02 6.8424148882513668e+02 1.5447067549348577e+02 1.0886648256638603e+03 1.0886648256638603e+03 0.0000000000000000e+00 1.3231777771383355e+00 7.2535489361510164e-01 4.8356992907673446e-01 8.5028918934948947e-02 1.2752288597662609e-14
162 1.0116519759275737e+00 5.9426292801914435e-03 2.4886944883914796e+02 6.8492016047817242e+02 1.5487521634653996e+02 1.0886648256638603e+03 1.0886648256638603e+03 0.0000000000000000e+00 1.3157428709050172e+00 7.1856893789429432e-01 4.7904595859619625e-01 8.7130061950903545e-02 1.2816328251085860e-14
