# 2D Orszag-Tang MHD vortex diagnostics
# step time dt E_kin E_th E_mag E_Q E_cons E_Q_minus_E_cons min_rho_raw min_ei_raw min_p_raw divB_cell_L2 divB_face_L2
0 0.0000000000000000e+00 0.0000000000000000e+00 3.4479102881604967e+02 6.1959924704640753e+02 1.2427454980140284e+02 1.0886648256638600e+03 1.0886648256638605e+03 -4.5474735088646412e-13 2.7777777777777781e+00 2.4979887694774221e+00 1.6653258463182816e+00 5.5371118712570055e-16 0.0000000000000000e+00
1 6.4324466791705745e-03 6.4324466791705745e-03 3.4479194624387935e+02 6.1959923987554373e+02 1.2427363954443693e+02 1.0886648256638600e+03 1.0886648256638603e+03 -2.2737367544323206e-13 2.7776127155486607e+00 2.4978042610589424e+00 1.6652028407059618e+00 3.0964410329441652e-05 1.0832197198351363e-15
2 1.2859971610877145e-02 6.4275249317065708e-03 3.4479468964699385e+02 6.1959922181076081e+02 1.2427091420610530e+02 1.0886648256638600e+03 1.0886648256638605e+03 -4.5474735088646412e-13 2.7771182256398013e+00 2.4972525580727396e+00 1.6648350387151598e+00 6.1913508497600758e-05 1.4796626959478213e-15
3 1.9283335200587056e-02 6.4233635897099099e-03 3.4479923635188163e+02 6.1959920677395280e+02 1.2426638253802551e+02 1.0886648256638600e+03 1.0886648256638603e+03 -2.2737367544323206e-13 2.7762954687693440e+00 2.4962002277769484e+00 1.6641334851846323e+00 9.2860591134492419e-05 1.7902416120521769e-15
4 2.5703311291221848e-02 6.4199760906347913e-03 3.4480555194084286e+02 6.1959921785935967e+02 1.2426005586365734e+02 1.0886648256638598e+03 1.0886648256638605e+03 -6.8212102632969618e-13 2.7751457895198710e+00 2.4945984308502833e+00 1.6630656205668557e+00 1.2382154730618971e-04 2.0691854716553651e-15
5 3.2120686138010245e-02 6.4173748467883963e-03 3.4481359034921695e+02 6.1959928726959197e+02 1.2425194804505109e+02 1.0886648256638600e+03 1.0886648256638605e+03 -4.5474735088646412e-13 2.7736707097682318e+00 2.4924470979693707e+00 1.6616313986462472e+00 1.5481610169369110e-04 2.2908466714114007e-15
6 3.8535677974361283e-02 6.4149918363510371e-03 3.4482329299685574e+02 6.1959945625233547e+02 1.2424207641466873e+02 1.0886648256638598e+03 1.0886648256638603e+03 -4.5474735088646412e-13 2.7718720992737023e+00 2.4897869665496901e+00 1.6598579776997935e+00 1.8586620486016212e-04 2.4993900746631640e-15
7 4.4947410344915416e-02 6.4117323705541350e-03 3.4483458715970710e+02 6.1959977494514737e+02 1.2423046355900560e+02 1.0886648256638600e+03 1.0886648256638603e+03 -2.2737367544323206e-13 2.7697525013732931e+00 2.4866178619121095e+00 1.6577452412747398e+00 2.1699459453246688e-04 2.7146719538404352e-15
8 5.1353988438626069e-02 6.4065780937106525e-03 3.4484738499333167e+02 6.1960030209030776e+02 1.2421713858022059e+02 1.0886648256638600e+03 1.0886648256638605e+03 -4.5474735088646412e-13 2.7673153677080258e+00 2.4829755539482892e+00 1.6553170359655263e+00 2.4822612077526711e-04 2.9285055742994015e-15
9 5.7754715470799856e-02 6.4007270321737838e-03 3.4486158789298059e+02 6.1960110491394346e+02 1.2420213285693606e+02 1.0886648256638600e+03 1.0886648256638605e+03 -4.5474735088646412e-13 2.7645642899811400e+00 2.4788665378146275e+00 1.6525776918764186e+00 2.7959941570320667e-04 3.0753786801041949e-15
10 6.4150336325428201e-02 6.3956208546283467e-03 3.4487708880145487e+02 6.1960225916988566e+02 1.2418547769251953e+02 1.0886648256638600e+03 1.0886648256638603e+03 -2.2737367544323206e-13 2.7615025674926530e+00 2.4742966398969148e+00 1.6495310932646101e+00 3.1116904402710062e-04 3.2487741821735348e-15
11 7.0541608498633640e-02 6.3912721732054430e-03 3.4489376999872377e+02 6.1960384898222480e+02 1.2416720668291146e+02 1.0886648256638600e+03 1.0886648256638603e+03 -2.2737367544323206e-13 2.7581336334375419e+00 2.4692719753167180e+00 1.6461813168778121e+00 3.4299937659123056e-04 3.4175290991747627e-15
12 7.6929300937374837e-02 6.3876924387411913e-03 3.4491150321189713e+02 6.1960596680513322e+02 1.2414735564682971e+02 1.0886648256638600e+03 1.0886648256638605e+03 -4.5474735088646412e-13 2.7544610453481382e+00 2.4637989297707330e+00 1.6425326198471555e+00 3.7516537341393324e-04 3.5782755107894804e-15
13 8.3314192843438689e-02 6.3848919060638552e-03 3.4493014970498268e+02 6.1960871331742226e+02 1.2412596264145508e+02 1.0886648256638600e+03 1.0886648256638603e+03 -2.2737367544323206e-13 2.7504884759186856e+00 2.4578841415981927e+00 1.6385894277321287e+00 4.0775292347846687e-04 3.7001564483569917e-15
14 8.9697072447249310e-02 6.3828796038106145e-03 3.4494956034362110e+02 6.1961219745076323e+02 1.2410306786947561e+02 1.0886648256638600e+03 1.0886648256638605e+03 -4.5474735088646412e-13 2.7462197043308030e+00 2.4515344845136084e+00 1.6343563230090725e+00 4.4085963037515468e-04 3.8222477417830818e-15
15 9.6076154328318605e-02 6.3790818810693017e-03 3.4496956744758751e+02 6.1961653435416292e+02 1.2407872386210960e+02 1.0886648256638600e+03 1.0886648256638605e+03 -4.5474735088646412e-13 2.7416605117511734e+00 2.4447598785123503e+00 1.6298399190082338e+00 4.7458124622053990e-04 3.9463690457973992e-15
16 1.0244993222173450e-01 6.3737778934158992e-03 3.4498999333002513e+02 6.1962184590026038e+02 1.2405298643357446e+02 1.0886648256638600e+03 1.0886648256638605e+03 -4.5474735088646412e-13 2.7368170198337523e+00 2.4375708048489635e+00 1.6250472032326424e+00 5.0902589446361187e-04 4.0692220624112542e-15
17 1.0881777118739569e-01 6.3678389656611966e-03 3.4501065302511159e+02 6.1962826104605881e+02 1.2402591159268960e+02 1.0886648256638600e+03 1.0886648256638603e+03 -2.2737367544323206e-13 2.7316951133992600e+00 2.4299774420245166e+00 1.6199849613496780e+00 5.4431717372695871e-04 4.2043434653779947e-15
18 1.1518041216949840e-01 6.3626409821027066e-03 3.4503135663916305e+02 6.1963591684368316e+02 1.2399755218101383e+02 1.0886648256638600e+03 1.0886648256638605e+03 -4.5474735088646412e-13 2.7262997875602997e+00 2.4219886962934298e+00 1.6146591308622866e+00 5.8059737852127202e-04 4.3226291258760655e-15
19 1.2153860690587018e-01 6.3581947363717754e-03 3.4505190521201513e+02 6.1964495755785038e+02 1.2396796289399445e+02 1.0886648256638598e+03 1.0886648256638603e+03 -4.5474735088646412e-13 2.7206360813731330e+00 2.4136135849245521e+00 1.6090757232830348e+00 6.1802016816198731e-04 4.4531151414739623e-15
20 1.2789311660292699e-01 6.3545096970568128e-03 3.4507209077241328e+02 6.1965553465068410e+02 1.2393720024076256e+02 1.0886648256638600e+03 1.0886648256638603e+03 -2.2737367544323206e-13 2.7147090686647517e+00 2.4048612177836253e+00 1.6032408118557504e+00 6.5675049945633024e-04 4.5669838146473429e-15
21 1.3424471059087487e-01 6.3515939879478867e-03 3.4509169636493937e+02 6.1966780669040554e+02 1.2390532260851506e+02 1.0886648256638600e+03 1.0886648256638603e+03 -2.2737367544323206e-13 2.7085238496129538e+00 2.3957407801522135e+00 1.5971605201014758e+00 6.9696363717396657e-04 4.6933795929178401e-15
22 1.4059283904995254e-01 6.3481284590776715e-03 3.4511049222607028e+02 6.1968193625973515e+02 1.2387239717805465e+02 1.0886648256638600e+03 1.0886648256638603e+03 -2.2737367544323206e-13 2.7020869137668266e+00 2.3862635333395450e+00 1.5908423555596969e+00 7.3883625612168407e-04 4.7941856100825439e-15
23 1.4693588205558342e-01 6.3430430056308842e-03 3.4512823765704235e+02 6.1969808840184669e+02 1.2383849960497088e+02 1.0886648256638598e+03 1.0886648256638603e+03 -4.5474735088646412e-13 2.6954061217399135e+00 2.3764427670225898e+00 1.5842951780150600e+00 7.8254660929664543e-04 4.9036183080868373e-15
24 1.5327452746254575e-01 6.3386454069623288e-03 3.4514469107527941e+02 6.1971643869555783e+02 1.2380369589302279e+02 1.0886648256638600e+03 1.0886648256638600e+03 0.0000000000000000e+00 2.6884871375561752e+00 2.3662885454541520e+00 1.5775256969694349e+00 8.2829629605915935e-04 5.0120079063594554e-15
25 1.5960947329582634e-01 6.3349458332805988e-03 3.4515960282578106e+02 6.1973716913064004e+02 1.2376805370743888e+02 1.0886648256638600e+03 1.0886648256638605e+03 -4.5474735088646412e-13 2.6813356094766689e+00 2.3558109211368921e+00 1.5705406140912614e+00 8.7629590453887319e-04 5.1184000183601835e-15
26 1.6594060719274928e-01 6.3311338969229370e-03 3.4517271360100068e+02 6.1976046492342334e+02 1.2373164713943585e+02 1.0886648256638598e+03 1.0886648256638605e+03 -6.8212102632969618e-13 2.6739581316351271e+00 2.3450213355505927e+00 1.5633475570337285e+00 9.2675841335083996e-04 5.2052037929129055e-15
27 1.7226722166108263e-01 6.3266144683333568e-03 3.4518375616741213e+02 6.1978651364759503e+02 1.2369455584885293e+02 1.0886648256638600e+03 1.0886648256638603e+03 -2.2737367544323206e-13 2.6663621163249438e+00 2.3339324156800818e+00 1.5559549437867213e+00 9.7989870238607084e-04 5.3131374493039200e-15
28 1.7859006931890997e-01 6.3228476578273364e-03 3.4519245927079805e+02 6.1981551338255485e+02 1.2365685301050715e+02 1.0886648256638600e+03 1.0886648256638603e+03 -2.2737367544323206e-13 2.6585533072941554e+00 2.3225543375295716e+00 1.5483695583530479e+00 1.0359515959945257e-03 5.4188546935724481e-15
29 1.8490990879789407e-01 6.3198394789840979e-03 3.4519854396104165e+02 6.1984766831020829e+02 1.2361861339260980e+02 1.0886648256638598e+03 1.0886648256638605e+03 -6.8212102632969618e-13 2.6505373876696825e+00 2.3108971803820313e+00 1.5405981202546877e+00 1.0951613513675339e-03 5.4948451450517294e-15
30 1.9122514756568565e-01 6.3152387677915854e-03 3.4520172288329206e+02 6.1988317490222153e+02 1.2357992787834650e+02 1.0886648256638600e+03 1.0886648256638603e+03 -2.2737367544323206e-13 2.6423230771520831e+00 2.2989754139300578e+00 1.5326502759533720e+00 1.1577581284911379e-03 5.5887651468022809e-15
31 1.9753525744847020e-01 6.3101098827845602e-03 3.4520170547748717e+02 6.1992223721483083e+02 1.2354088297154203e+02 1.0886648256638600e+03 1.0886648256638605e+03 -4.5474735088646412e-13 2.6339178875522080e+00 2.2868017071513020e+00 1.5245344714342015e+00 1.2239888179040475e-03 5.6658698583685859e-15
32 2.0384091854608635e-01 6.3056610976161684e-03 3.4519819579089426e+02 6.1996507046818829e+02 1.2350155940477732e+02 1.0886648256638598e+03 1.0886648256638603e+03 -4.5474735088646412e-13 2.6253277377580688e+00 2.2743863848206916e+00 1.5162575898804611e+00 1.2941226681808739e-03 5.7956519317618481e-15
33 2.1014281955319944e-01 6.3019010071130900e-03 3.4519089097244472e+02 6.2001189529169562e+02 1.2346203939971967e+02 1.0886648256638600e+03 1.0886648256638605e+03 -4.5474735088646412e-13 2.6165584496562877e+00 2.2617396024778511e+00 1.5078264016519010e+00 1.3684418961174638e-03 5.8644375077776944e-15
34 2.1644165631451720e-01 6.2988367613177653e-03 3.4517948115849600e+02 6.2006293777646431e+02 1.2342240672889972e+02 1.0886648256638600e+03 1.0886648256638605e+03 -4.5474735088646412e-13 2.6076157448991286e+00 2.2488713393600483e+00 1.4992475595733656e+00 1.4472432740202489e-03 5.9469907406419836e-15
35 2.2273813038521381e-01 6.2964740706966185e-03 3.4516364933582093e+02 6.2011842951900826e+02 1.2338274680903066e+02 1.0886648256638600e+03 1.0886648256638605e+03 -4.5474735088646412e-13 2.5985052424795505e+00 2.2357913927457460e+00 1.4905275951638308e+00 1.5308399889752981e-03 5.9939910586790469e-15
36 2.2903294760399920e-01 6.2948172187853842e-03 3.4514307118450677e+02 6.2017860771826417e+02 1.2334314676108906e+02 1.0886648256638600e+03 1.0886648256638603e+03 -2.2737367544323206e-13 2.5892324570497340e+00 2.2225093735830117e+00 1.4816729157220079e+00 1.6195642718081784e-03 6.0797448214273124e-15
37 2.3532468277436572e-01 6.2917351703665313e-03 3.4511742450688098e+02 6.2024369233591028e+02 1.2330370882106880e+02 1.0886648256638600e+03 1.0886648256638603e+03 -2.2737367544323206e-13 2.5797942747667699e+00 2.2090393036310081e+00 1.4726928690873389e+00 1.7137364459703290e-03 6.1518000635179602e-15
38 2.4161218612132837e-01 6.2875033469626624e-03 3.4508638554306151e+02 6.2031390494100594e+02 1.2326453517979249e+02 1.0886648256638600e+03 1.0886648256638605e+03 -4.5474735088646412e-13 2.5702067794100443e+00 2.1953930020835424e+00 1.4635953347223618e+00 1.8136953876221446e-03 6.2361323931036622e-15
39 2.4789443356899774e-01 6.2822474476693767e-03 3.4504962959161071e+02 6.2038946749884985e+02 1.2322572857339944e+02 1.0886648256638600e+03 1.0886648256638605e+03 -4.5474735088646412e-13 2.5604351692248168e+00 2.1815203261320582e+00 1.4543468840880389e+00 1.9198014631336298e-03 6.3383391860893622e-15
40 2.5417210046098970e-01 6.2776668919919424e-03 3.4500681969558565e+02 6.2047062332726523e+02 1.2318738264100919e+02 1.0886648256638600e+03 1.0886648256638605e+03 -4.5474735088646412e-13 2.5504996124494079e+00 2.1674324821951574e+00 1.4449549881301051e+00 2.0324672831821093e-03 6.4140309856801224e-15
41 2.6044586910949591e-01 6.2737686485061801e-03 3.4495761265705602e+02 6.2055762030134463e+02 1.2314959270545943e+02 1.0886648256638600e+03 1.0886648256638605e+03 -4.5474735088646412e-13 2.5404354266519502e+00 2.1531988474150454e+00 1.4354658982766970e+00 2.1521349855092341e-03 6.4829054041053453e-15
42 2.6671642724896405e-01 6.2705581394681652e-03 3.4490165884886551e+02 6.2065071089745607e+02 1.2311245591753844e+02 1.0886648256638600e+03 1.0886648256638605e+03 -4.5474735088646412e-13 2.5302483526809194e+00 2.1388290158526884e+00 1.4258860105684590e+00 2.2792800940132384e-03 6.5431892626496708e-15
43 2.7298446651353125e-01 6.2680392645672054e-03 3.4483860202102488e+02 6.2075015228053871e+02 1.2307607136229639e+02 1.0886648256638600e+03 1.0886648256638605e+03 -4.5474735088646412e-13 2.5199439906343284e+00 2.1243323202544366e+00 1.4162215468362913e+00 2.4144147009279048e-03 6.6189803626437380e-15
44 2.7925068094650518e-01 6.2662144329739475e-03 3.4476807910348111e+02 6.2085620634840916e+02 1.2304054021196964e+02 1.0886648256638600e+03 1.0886648256638605e+03 -4.5474735088646412e-13 2.5095277994714040e+00 2.1097178312462534e+00 1.4064785541641691e+00 2.5580904900522846e-03 6.7090028102623241e-15
45 2.8551571778091372e-01 6.2650368344085326e-03 3.4468972064008068e+02 6.2096913882634351e+02 1.2300596619743592e+02 1.0886648256638603e+03 1.0886648256638603e+03 0.0000000000000000e+00 2.4990051778898681e+00 2.0949944702941234e+00 1.3966629801960824e+00 2.7109005133839812e-03 6.8023505641338067e-15
46 2.9177689280310137e-01 6.2611750221876726e-03 3.4460319851750501e+02 6.2108915404640561e+02 1.2297247309994933e+02 1.0886648256638600e+03 1.0886648256638603e+03 -2.2737367544323206e-13 2.4883870624733859e+00 2.0801788085153761e+00 1.3867858723435842e+00 2.8733920854903641e-03 6.8772357529608187e-15
47 2.9803482757589744e-01 6.2579347727960569e-03 3.4450814363163107e+02 6.2121651420658134e+02 1.2294016782564762e+02 1.0886648256638600e+03 1.0886648256638605e+03 -4.5474735088646412e-13 2.4776787667864850e+00 2.0652794476216432e+00 1.3768529650810957e+00 3.0462294987518026e-03 6.9695697377645293e-15
48 3.0429014926861048e-01 6.2553216927130123e-03 3.4440418086949256e+02 6.2135148524449892e+02 1.2290915954986855e+02 1.0886648256638600e+03 1.0886648256638605e+03 -4.5474735088646412e-13 2.4668854362933366e+00 2.0503046849412945e+00 1.3668697899608631e+00 3.2301232292732047e-03 7.0353624668763880e-15
49 3.1054223746361626e-01 6.2520881950058052e-03 3.4429095261378751e+02 6.2149430714971334e+02 1.2287956590035924e+02 1.0886648256638600e+03 1.0886648256638605e+03 -4.5474735088646412e-13 2.4560142347277245e+00 2.0352655348694366e+00 1.3568436899129579e+00 3.4257905815938548e-03 7.1197575405286252e-15
50 3.1679084209377451e-01 6.2486046301582377e-03 3.4416809541845555e+02 6.2164522580468395e+02 1.2285150444072059e+02 1.0886648256638600e+03 1.0886648256638603e+03 -2.2737367544323206e-13 2.4450715758578583e+00 2.0201718731120177e+00 1.3467812487413453e+00 3.6339972257593599e-03 7.1956094635072017e-15
51 3.2303664910773100e-01 6.2458070139564835e-03 3.4403522515911396e+02 6.2180450972653080e+02 1.2282509077821508e+02 1.0886648256638598e+03 1.0886648256638605e+03 -6.8212102632969618e-13 2.4340620920764753e+00 2.0050310331700589e+00 1.3366873554467060e+00 3.8555788534978680e-03 7.2701179998691590e-15
52 3.2928034499397962e-01 6.2436958862486392e-03 3.4389195182948561e+02 6.2197243030599896e+02 1.2280044352837544e+02 1.0886648256638600e+03 1.0886648256638603e+03 -2.2737367544323206e-13 2.4229902438341120e+00 1.9898500444540850e+00 1.3265666963027234e+00 4.0914110235524079e-03 7.3312084327282728e-15
53 3.3552261530188521e-01 6.2422703079055755e-03 3.4373787953546145e+02 6.2214926145819447e+02 1.2277768467020408e+02 1.0886648256638600e+03 1.0886648256638603e+03 -2.2737367544323206e-13 2.4118603244393855e+00 1.9746356409517281e+00 1.3164237606344855e+00 4.3424041249986904e-03 7.4252558717684718e-15
54 3.4176279720257541e-01 6.2401819006902117e-03 3.4357264342012377e+02 6.2233523811495456e+02 1.2275694412878168e+02 1.0886648256638600e+03 1.0886648256638603e+03 -2.2737367544323206e-13 2.4006788825403729e+00 1.9593975596756137e+00 1.3062650397837425e+00 4.6094401859879952e-03 7.4786995162539858e-15
55 3.4799933489499824e-01 6.2365376924228009e-03 3.4339590912984602e+02 6.2253056037164424e+02 1.2273835616236977e+02 1.0886648256638600e+03 1.0886648256638605e+03 -4.5474735088646412e-13 2.3894539547565792e+00 1.9441474509153651e+00 1.2960983006102436e+00 4.8933588747016032e-03 7.5565404504454124e-15
56 3.5423285268608729e-01 6.2335177910890433e-03 3.4320728649453190e+02 6.2273548880618387e+02 1.2272205036314436e+02 1.0886648256638600e+03 1.0886648256638605e+03 -4.5474735088646412e-13 2.3781895246753257e+00 1.9288913522068856e+00 1.2859275681379239e+00 5.1950882720561819e-03 7.6315507980098836e-15
57 3.6046397743738157e-01 6.2311247512942822e-03 3.4300638156329154e+02 6.2295028384087266e+02 1.2270816025969576e+02 1.0886648256638598e+03 1.0886648256638603e+03 -4.5474735088646412e-13 2.3668893984673849e+00 1.9136349971402313e+00 1.2757566647601544e+00 5.5155430553066867e-03 7.7014168569354049e-15
58 3.6669333713179603e-01 6.2293596944144334e-03 3.4279279694153291e+02 6.2317520513698753e+02 1.2269682358533950e+02 1.0886648256638598e+03 1.0886648256638605e+03 -6.8212102632969618e-13 2.3555572110220901e+00 1.8983838265613051e+00 1.2655892177075370e+00 5.8556066936761098e-03 7.7636050478545106e-15
59 3.7292155947927891e-01 6.2282223474828795e-03 3.4256613222869265e+02 6.2341051089418477e+02 1.2268818254098271e+02 1.0886648256638603e+03 1.0886648256638603e+03 0.0000000000000000e+00 2.3441964322252620e+00 1.8831429999200275e+00 1.2554286666133518e+00 6.2161104614146126e-03 7.8323416796748026e-15
60 3.7914927057149372e-01 6.2277110922147900e-03 3.4232598446752041e+02 6.2365645686344124e+02 1.2268238433289818e+02 1.0886648256638598e+03 1.0886648256638603e+03 -4.5474735088646412e-13 2.3328103732524146e+00 1.8679174066510655e+00 1.2452782711007104e+00 6.5978065480832423e-03 7.8873893086344864e-15
61 3.8537579140690670e-01 6.2265208354129915e-03 3.4207200348354689e+02 6.2391324059638873e+02 1.2267958158392439e+02 1.0886648256638600e+03 1.0886648256638605e+03 -4.5474735088646412e-13 2.3214045803130019e+00 1.8527148543413561e+00 1.2351432362275709e+00 7.0012599633071503e-03 7.9456841417974316e-15
62 3.9160109949679878e-01 6.2253080898920813e-03 3.4180382094458849e+02 6.2418107433924604e+02 1.2267993038002543e+02 1.0886648256638598e+03 1.0886648256638603e+03 -4.5474735088646412e-13 2.3099832539385754e+00 1.8375412701959226e+00 1.2250275134639486e+00 7.4269200574020927e-03 8.0028688228637308e-15
63 3.9782443214122104e-01 6.2233326444222402e-03 3.4152110930117647e+02 6.2446012573629514e+02 1.2268359062638839e+02 1.0886648256638600e+03 1.0886648256638605e+03 -4.5474735088646412e-13 2.2985518054138301e+00 1.8224041092579621e+00 1.2149360728386416e+00 7.8750002366034990e-03 8.0477992306577125e-15
64 4.0404410098447396e-01 6.2196688432529122e-03 3.4122360115086525e+02 6.2475050062941341e+02 1.2269072388358133e+02 1.0886648256638600e+03 1.0886648256638603e+03 -2.2737367544323206e-13 2.2871172030321616e+00 1.8073127836298499e+00 1.2048751890865668e+00 8.3454141677968361e-03 8.1136007626777913e-15
65 4.1026073509798849e-01 6.2166341135145358e-03 3.4091093535481008e+02 6.2505239289979897e+02 1.2270149740925085e+02 1.0886648256638598e+03 1.0886648256638603e+03 -4.5474735088646412e-13 2.2756301328059179e+00 1.7922488768538791e+00 1.1948325845692529e+00 8.8380063269509184e-03 8.1708863708738177e-15
66 4.1647496297890924e-01 6.2142278809207393e-03 3.4058275527560806e+02 6.2536598556129832e+02 1.2271608482695360e+02 1.0886648256638600e+03 1.0886648256638605e+03 -4.5474735088646412e-13 2.2640060620801248e+00 1.7770102233280580e+00 1.1846734822187055e+00 9.3523331254247669e-03 8.2378495066978508e-15
67 4.2268741106633378e-01 6.2124480874245465e-03 3.4023870991952293e+02 6.2569144971721403e+02 1.2273466602712317e+02 1.0886648256638603e+03 1.0886648256638605e+03 -2.2737367544323206e-13 2.2523786508792671e+00 1.7618191878180298e+00 1.1745461252120200e+00 9.8876066572533144e-03 8.2892686206057230e-15
68 4.2889870232754912e-01 6.2112912612153444e-03 3.3987845477333792e+02 6.2602894269891567e+02 1.2275742819160631e+02 1.0886648256638598e+03 1.0886648256638603e+03 -4.5474735088646412e-13 2.2407502873769936e+00 1.7466790243528258e+00 1.1644526829018840e+00 1.0442741377360176e-02 8.3390236878307300e-15
69 4.3510945496821940e-01 6.2107526406702555e-03 3.3950165332784184e+02 6.2637860647866557e+02 1.2278456585735260e+02 1.0886648256638600e+03 1.0886648256638603e+03 -2.2737367544323206e-13 2.2291232385576221e+00 1.7315927867291347e+00 1.1543951911527566e+00 1.1016311413478131e-02 8.4023326011059094e-15
70 4.4132028118480437e-01 6.2108262165849592e-03 3.3910797893554695e+02 6.2674056508480919e+02 1.2281628164350379e+02 1.0886648256638600e+03 1.0886648256638605e+03 -4.5474735088646412e-13 2.2174996567314209e+00 1.7165633394893407e+00 1.1443755596595606e+00 1.1606524964457269e-02 8.4567559510821812e-15
71 4.4753049505567577e-01 6.2102138708713976e-03 3.3869720629134366e+02 6.2711484063274918e+02 1.2285277873976713e+02 1.0886648256638600e+03 1.0886648256638605e+03 -4.5474735088646412e-13 2.2058839994544597e+00 1.7015964730272231e+00 1.1343976486848155e+00 1.2211122064836349e-02 8.5067627540460334e-15
72 4.5373822074239734e-01 6.2077256867215458e-03 3.3826922839776915e+02 6.2750133866864383e+02 1.2289425859744703e+02 1.0886648256638600e+03 1.0886648256638603e+03 -2.2737367544323206e-13 2.1942828196009541e+00 1.6867005824254926e+00 1.1244670549503286e+00 1.2827364807514277e-02 8.5655141028533792e-15
73 4.5994402750956426e-01 6.2058067671669067e-03 3.3782381098581504e+02 6.2790007061466486e+02 1.2294094406338014e+02 1.0886648256638600e+03 1.0886648256638603e+03 -2.2737367544323206e-13 2.1826979682634646e+00 1.6718779385709368e+00 1.1145852923806248e+00 1.3452480527698206e-02 8.6222995939848265e-15
74 4.6614848235855866e-01 6.2044548489944146e-03 3.3736074249342789e+02 6.2831101620135644e+02 1.2299306696907566e+02 1.0886648256638600e+03 1.0886648256638605e+03 -4.5474735088646412e-13 2.1711311803119551e+00 1.6571306302955620e+00 1.1047537535303749e+00 1.4083538864357703e-02 8.6885185190876939e-15
75 4.7235214880178988e-01 6.2036664432312252e-03 3.3687983028338738e+02 6.2873412847786892e+02 1.2305086690260390e+02 1.0886648256638603e+03 1.0886648256638605e+03 -2.2737367544323206e-13 2.1595840809629556e+00 1.6424605753481236e+00 1.0949737168987492e+00 1.4717405568017939e-02 8.7527990343491147e-15
76 4.7855542201222240e-01 6.2032732104325087e-03 3.3638091279693828e+02 6.2916932486401470e+02 1.2311458800290694e+02 1.0886648256638598e+03 1.0886648256638605e+03 -6.8212102632969618e-13 2.1480584959340741e+00 1.6278699148320166e+00 1.0852466098880111e+00 1.5350624507628393e-02 8.8230721376453682e-15
77 4.8475723117526032e-01 6.2018091630379104e-03 3.3586397361183219e+02 6.2961638786080505e+02 1.2318446419122283e+02 1.0886648256638600e+03 1.0886648256638603e+03 -2.2737367544323206e-13 2.1365588557980981e+00 1.6133640361818562e+00 1.0755760241212375e+00 1.5979311168033680e-02 8.8998352951935430e-15
78 4.9095818957575132e-01 6.2009584004909914e-03 3.3532888890261052e+02 6.3007518420296174e+02 1.2326075255828775e+02 1.0886648256638600e+03 1.0886648256638603e+03 -2.2737367544323206e-13 2.1250863466737284e+00 1.5989441755988034e+00 1.0659627837325358e+00 1.6599464222884584e-02 8.9635362912322398e-15
79 4.9715890166836618e-01 6.2007120926148469e-03 3.3477556339461802e+02 6.3054554393260139e+02 1.2334371833664062e+02 1.0886648256638600e+03 1.0886648256638605e+03 -4.5474735088646412e-13 2.1136420681672830e+00 1.5846114392224324e+00 1.0564076261482884e+00 1.7206989719940169e-02 8.9959211651762120e-15
80 5.0335996207208744e-01 6.2010604037212634e-03 3.3420393697882702e+02 6.3102725207460549e+02 1.2343363661042747e+02 1.0886648256638600e+03 1.0886648256638605e+03 -4.5474735088646412e-13 2.1022270392681137e+00 1.5703668124977894e+00 1.0469112083318597e+00 1.7797647614642340e-02 9.0442050821885088e-15
81 5.0956107394111350e-01 6.2011118690260374e-03 3.3361404989181938e+02 6.3152000168366169e+02 1.2353077408837905e+02 1.0886648256638600e+03 1.0886648256638603e+03 -2.2737367544323206e-13 2.0908438182135849e+00 1.5562131725188113e+00 1.0374754483458744e+00 1.8367410924095506e-02 9.1095146762325572e-15
82 5.1575967587958804e-01 6.1986019384745808e-03 3.3300619920272646e+02 6.3202326838462125e+02 1.2363535807651225e+02 1.0886648256638598e+03 1.0886648256638605e+03 -6.8212102632969618e-13 2.0794989906420525e+00 1.5421583303870738e+00 1.0281055535913828e+00 1.8912179360855718e-02 9.1695644791300614e-15
83 5.2195633814771181e-01 6.1966622681237753e-03 3.3238042917034193e+02 6.3253673158820322e+02 1.2374766490531489e+02 1.0886648256638600e+03 1.0886648256638605e+03 -4.5474735088646412e-13 2.0681932750172436e+00 1.5282027494712529e+00 1.0188018329808355e+00 1.9428404040417933e-02 9.2274036234263157e-15
84 5.2815162496937229e-01 6.1952868216604380e-03 3.3173681692537025e+02 6.3306003436171375e+02 1.2386797437677606e+02 1.0886648256638600e+03 1.0886648256638603e+03 -2.2737367544323206e-13 2.0569273103495562e+00 1.5143467827459336e+00 1.0095645218306226e+00 1.9912875338610567e-02 9.2635573322319730e-15
85 5.3434609343247397e-01 6.1944684631016723e-03 3.3107546924363737e+02 6.3359278566737805e+02 1.2399657075284458e+02 1.0886648256638600e+03 1.0886648256638603e+03 -2.2737367544323206e-13 2.0457016620817883e+00 1.5005906818638373e+00 1.0003937879092251e+00 2.0362822624701730e-02 9.3151887639770470e-15
86 5.4054029246527491e-01 6.1941990328009027e-03 3.3039651829645305e+02 6.3413456645683243e+02 1.2413374091057455e+02 1.0886648256638600e+03 1.0886648256638603e+03 -2.2737367544323206e-13 2.0345168276383196e+00 1.4869346056391088e+00 9.9128973709273938e-01 2.0776075479536051e-02 9.3832991424859920e-15
87 5.4673476189278214e-01 6.1944694275071887e-03 3.2970011849521961e+02 6.3468493639372878e+02 1.2427977077491168e+02 1.0886648256638600e+03 1.0886648256638605e+03 -4.5474735088646412e-13 2.0233732416190837e+00 1.4733786279440708e+00 9.8225241862938062e-01 2.1151143850579722e-02 9.4331141874413486e-15
88 5.5293003160307153e-01 6.1952697102893766e-03 3.2898644625596671e+02 6.3524343080719404e+02 1.2443494860069922e+02 1.0886648256638600e+03 1.0886648256638605e+03 -4.5474735088646412e-13 2.0122712805954333e+00 1.4599227449758159e+00 9.7328182998387736e-01 2.1487392108021010e-02 9.4777818244041769e-15
89 5.5912662081625841e-01 6.1965892131868568e-03 3.2825570012526958e+02 6.3580956433918175e+02 1.2459956119940874e+02 1.0886648256638600e+03 1.0886648256638603e+03 -2.2737367544323206e-13 2.0012112675289679e+00 1.4465668819318021e+00 9.6437792128786815e-01 2.1785096040535409e-02 9.5307803552772946e-15
90 5.6532503744511697e-01 6.1984166288586006e-03 3.2750810000305211e+02 6.3638283529443527e+02 1.2477389036637260e+02 1.0886648256638600e+03 1.0886648256638605e+03 -4.5474735088646412e-13 1.9901934758431978e+00 1.4333108991415660e+00 9.5554059942771075e-01 2.2045401604148841e-02 9.6037363336940013e-15
91 5.7152509484063851e-01 6.2000573955215531e-03 3.2674396784319424e+02 6.3696266579734936e+02 1.2495819202331649e+02 1.0886648256638600e+03 1.0886648256638603e+03 -2.2737367544323206e-13 1.9792193389500110e+00 1.4201560404111606e+00 9.4677069360744048e-01 2.2270254744763414e-02 9.6392754459859223e-15
92 5.7772455917629328e-01 6.1994643356547228e-03 3.2596390658302465e+02 6.3754827258001660e+02 1.2515264650081869e+02 1.0886648256638600e+03 1.0886648256638603e+03 -2.2737367544323206e-13 1.9682938049095484e+00 1.4071077144269952e+00 9.3807180961799697e-01 2.2462504440593001e-02 9.6874135363978256e-15
93 5.8392350516913616e-01 6.1989459928428444e-03 3.2516825853900855e+02 6.3813908151459282e+02 1.2535748561025876e+02 1.0886648256638600e+03 1.0886648256638603e+03 -2.2737367544323206e-13 1.9574176327125250e+00 1.3941662679549485e+00 9.2944417863663242e-01 2.2625768577964118e-02 9.7447626716654137e-15
94 5.9012086220968574e-01 6.1973570405495443e-03 3.2435753162758010e+02 6.3873440780765679e+02 1.2557288622862305e+02 1.0886648256638600e+03 1.0886648256638605e+03 -4.5474735088646412e-13 1.9465935027309900e+00 1.3813343088646768e+00 9.2088953924311800e-01 2.2764407531784506e-02 9.7960132482569170e-15
95 5.9631710759641476e-01 6.1962453867290546e-03 3.2353204673409903e+02 6.3933371390298009e+02 1.2579906502678092e+02 1.0886648256638600e+03 1.0886648256638605e+03 -4.5474735088646412e-13 1.9358213014845305e+00 1.3686111054196568e+00 9.1240740361310468e-01 2.2883552898842672e-02 9.8526854897488626e-15
96 6.0251278247364382e-01 6.1956748772290940e-03 3.2269212069130742e+02 6.3993647331947614e+02 1.2603623165307644e+02 1.0886648256638600e+03 1.0886648256638605e+03 -4.5474735088646412e-13 1.9251007441843919e+00 1.3559957330214496e+00 9.0399715534763314e-01 2.2988759501543735e-02 9.9003017576454238e-15
97 6.0870841587813096e-01 6.1956334044871589e-03 3.2183807351448297e+02 6.4054217063371573e+02 1.2628458151566126e+02 1.0886648256638600e+03 1.0886648256638603e+03 -2.2737367544323206e-13 1.9144315173563200e+00 1.3434872372450599e+00 8.9565815816337335e-01 2.3086026090950913e-02 9.9412056295924623e-15
98 6.1490452416994013e-01 6.1961082918091355e-03 3.2097022429887221e+02 6.4115030600078001e+02 1.2654429536420781e+02 1.0886648256638600e+03 1.0886648256638603e+03 -2.2737367544323206e-13 1.9038132818041837e+00 1.3310846385297159e+00 8.8738975901981076e-01 2.3181467770634633e-02 9.9868148107370937e-15
99 6.2110161055811675e-01 6.1970863881765656e-03 3.2008888996276681e+02 6.4176039407289784e+02 1.2681554162819529e+02 1.0886648256638598e+03 1.0886648256638605e+03 -6.8212102632969618e-13 1.8932456741547372e+00 1.3187257263876329e+00 8.7915048425842202e-01 2.3281036553195952e-02 1.0031753421309368e-14
100 6.2730016471100747e-01 6.1985541528906708e-03 3.1919438048976679e+02 6.4237197178652264e+02 1.2709847338757051e+02 1.0886648256638600e+03 1.0886648256638605e+03 -4.5474735088646412e-13 1.8826305969401791e+00 1.3063942585675226e+00 8.7092950571168182e-01 2.3390477219037639e-02 1.0074817217305692e-14
101 6.3350066244364078e-01 6.2004977326333395e-03 3.1828699270075543e+02 6.4298460627141594e+02 1.2739322669168854e+02 1.0886648256638600e+03 1.0886648256638603e+03 -2.2737367544323206e-13 1.8720388694217074e+00 1.2941617914509365e+00 8.6277452763395779e-01 2.3515394322064488e-02 1.0125588439739773e-14
102 6.3970356549401075e-01 6.2029030503700025e-03 3.1736700656826309e+02 6.4359789405758647e+02 1.2769992503801032e+02 1.0886648256638600e+03 1.0886648256638603e+03 -2.2737367544323206e-13 1.8614924596706692e+00 1.2820275309371274e+00 8.5468502062475171e-01 2.3661004654056506e-02 1.0171212982763449e-14
103 6.4590932140076873e-01 6.2057559067580231e-03 3.1643469925359057e+02 6.4421144715219134e+02 1.2801867925807804e+02 1.0886648256638600e+03 1.0886648256638603e+03 -2.2737367544323206e-13 1.8509911086185082e+00 1.2699906763476447e+00 8.4666045089842989e-01 2.3831009350196285e-02 1.0209324901984458e-14
104 6.5211627005748563e-01 6.2069486567168921e-03 3.1549065694239687e+02 6.4482470200755358e+02 1.2834946671390952e+02 1.0886648256638600e+03 1.0886648256638603e+03 -2.2737367544323206e-13 1.8405380654739227e+00 1.2580544308782953e+00 8.3870295391886363e-01 2.4028033640784683e-02 1.0251989831738230e-14
105 6.5832319079769497e-01 6.2069207402093334e-03 3.1453539159107061e+02 6.4543718043480919e+02 1.2869225363798026e+02 1.0886648256638600e+03 1.0886648256638605e+03 -4.5474735088646412e-13 1.8301357452034013e+00 1.2462209953909431e+00 8.3081399692729552e-01 2.4253664101374393e-02 1.0296607158136223e-14
106 6.6453055065652400e-01 6.2073598588290486e-03 3.1356915428125365e+02 6.4604859108071798e+02 1.2904708030188834e+02 1.0886648256638600e+03 1.0886648256638603e+03 -2.2737367544323206e-13 1.8197836710903972e+00 1.2344892595279711e+00 8.2299283968531411e-01 2.4507647406180885e-02 1.0354057008935284e-14
107 6.7073880458857094e-01 6.2082539320469287e-03 3.1259219291859893e+02 6.4665866926437207e+02 1.2941396348088907e+02 1.0886648256638600e+03 1.0886648256638605e+03 -4.5474735088646412e-13 1.8094813597000161e+00 1.2228581148682491e+00 8.1523874324549950e-01 2.4788590669568459e-02 1.0392088729903789e-14
108 6.7694839519787420e-01 6.2095906093033093e-03 3.1160474465177259e+02 6.4726717932584131e+02 1.2979290168624618e+02 1.0886648256638600e+03 1.0886648256638603e+03 -2.2737367544323206e-13 1.7992283230015667e+00 1.2113264574100409e+00 8.0755097160669398e-01 2.5094638536537314e-02 1.0430618166898136e-14
109 6.8315975253488992e-01 6.2113573370157242e-03 3.1060703452493840e+02 6.4787391615116098e+02 1.3018387498776067e+02 1.0886648256638600e+03 1.0886648256638603e+03 -2.2737367544323206e-13 1.7890240703068974e+00 1.1998931897932295e+00 7.9992879319548638e-01 2.5424887641669731e-02 1.0490848096898186e-14
110 6.8937218819826651e-01 6.2124356633766120e-03 3.0959945398885537e+02 6.4847859858676100e+02 1.3058677308824363e+02 1.0886648256638600e+03 1.0886648256638603e+03 -2.2737367544323206e-13 1.7788699127650731e+00 1.1885592316342546e+00 7.9237282108950313e-01 2.5779385883369168e-02 1.0545798015902667e-14
111 6.9558598360662449e-01 6.2137954083580299e-03 3.0858222279761725e+02 6.4908108403448830e+02 1.3100151883175448e+02 1.0886648256638600e+03 1.0886648256638603e+03 -2.2737367544323206e-13 1.7687655314999413e+00 1.1773236725474456e+00 7.8488244836496379e-01 2.6159361425676621e-02 1.0586286787392764e-14
112 7.0180158741289178e-01 6.2156038062672388e-03 3.0755550600042739e+02 6.4968129292953358e+02 1.3142802673389892e+02 1.0886648256638598e+03 1.0886648256638603e+03 -4.5474735088646412e-13 1.7587103151256167e+00 1.1661852854975694e+00 7.7745685699837963e-01 2.6567750695597827e-02 1.0631744854616489e-14
113 7.0801943295798986e-01 6.2178455450981130e-03 3.0651944395991751e+02 6.5027918809379730e+02 1.3186619361014513e+02 1.0886648256638598e+03 1.0886648256638603e+03 -4.5474735088646412e-13 1.7487036617455156e+00 1.1551428655490490e+00 7.7009524369936611e-01 2.7008136655992054e-02 1.0685419999935354e-14
114 7.1423993839111988e-01 6.2205054331299975e-03 3.0547416146484716e+02 6.5087477976614105e+02 1.3231588443287166e+02 1.0886648256638598e+03 1.0886648256638603e+03 -4.5474735088646412e-13 1.7387449800538712e+00 1.1441952308113099e+00 7.6279682054087339e-01 2.7486828523647099e-02 1.0729351585169097e-14
115 7.2046350683911209e-01 6.2235684479922245e-03 3.0441976817214794e+02 6.5146809017021951e+02 1.3277696732149266e+02 1.0886648256638603e+03 1.0886648256638603e+03 0.0000000000000000e+00 1.7288336903176418e+00 1.1333412232264160e+00 7.5556081548427734e-01 2.8016547007779859e-02 1.0786629769145604e-14
116 7.2669052661684452e-01 6.2270197777323918e-03 3.0335636664220283e+02 6.5205916599119018e+02 1.3324929303046693e+02 1.0886648256638600e+03 1.0886648256638605e+03 -4.5474735088646412e-13 1.7189692252491489e+00 1.1225797092218432e+00 7.4838647281456228e-01 2.8605282961366912e-02 1.0825956267602957e-14
117 7.3292137147709746e-01 6.2308448602529324e-03 3.0228407386177270e+02 6.5264805750304959e+02 1.3373269429903769e+02 1.0886648256638600e+03 1.0886648256638603e+03 -2.2737367544323206e-13 1.7091510307760434e+00 1.1119095802385954e+00 7.4127305349239703e-01 2.9256433285783159e-02 1.0884689345891544e-14
118 7.3915420139456678e-01 6.2328299174692816e-03 3.0120339809366772e+02 6.5323462333419684e+02 1.3422680423599542e+02 1.0886648256638600e+03 1.0886648256638603e+03 -2.2737367544323206e-13 1.6993820048412760e+00 1.1013334682243716e+00 7.3422231214958111e-01 2.9964250890037659e-02 1.0931284422851008e-14
119 7.4538812831888013e-01 6.2339269243133341e-03 3.0011467785657885e+02 6.5381887313647553e+02 1.3473127467080565e+02 1.0886648256638600e+03 1.0886648256638605e+03 -4.5474735088646412e-13 1.6896634844476859e+00 1.0908522781362202e+00 7.2723485209081351e-01 3.0734122107021148e-02 1.0989141061257529e-14
120 7.5162356654766305e-01 6.2354382287829269e-03 2.9901800208778690e+02 6.5440102515129126e+02 1.3524579842478187e+02 1.0886648256638600e+03 1.0886648256638605e+03 -4.5474735088646412e-13 1.6799947456326445e+00 1.0804646843035073e+00 7.2030978953567160e-01 3.1573114048089532e-02 1.1030774052583478e-14
121 7.5786091655829557e-01 6.2373500106325599e-03 2.9791342751281815e+02 6.5498134917015784e+02 1.3577004898088401e+02 1.0886648256638600e+03 1.0886648256638605e+03 -4.5474735088646412e-13 1.6703750840364699e+00 1.0701693953665985e+00 7.1344626357773244e-01 3.2491784167367713e-02 1.1091386482457219e-14
122 7.6410056514764046e-01 6.2396485893448546e-03 2.9680091996864837e+02 6.5556019557133698e+02 1.3630371012387459e+02 1.0886648256638600e+03 1.0886648256638603e+03 -2.2737367544323206e-13 1.6608038157240936e+00 1.0599651546776105e+00 7.0664343645174044e-01 3.3462325291046049e-02 1.1115553769337519e-14
123 7.7034288561674413e-01 6.2423204691036656e-03 2.9568026041665661e+02 6.5613827898691773e+02 1.3684628626028569e+02 1.0886648256638600e+03 1.0886648256638605e+03 -4.5474735088646412e-13 1.6512802779202589e+00 1.0498507405591260e+00 6.9990049370608409e-01 3.4460994665488506e-02 1.1165861126833934e-14
124 7.7658823799277887e-01 6.2453523760347312e-03 2.9455161633404731e+02 6.5671589536410056e+02 1.3739731396571213e+02 1.0886648256638600e+03 1.0886648256638603e+03 -2.2737367544323206e-13 1.6418038296331439e+00 1.0398249664467143e+00 6.9321664429780960e-01 3.5477061628671765e-02 1.1208647437664717e-14
125 7.8283696927774293e-01 6.2487312849640120e-03 2.9341546445630030e+02 6.5729267511645537e+02 1.3795668609110430e+02 1.0886648256638600e+03 1.0886648256638603e+03 -2.2737367544323206e-13 1.6323738521943880e+00 1.0298866809364629e+00 6.8659112062430860e-01 3.6529431360591662e-02 1.1262312816374462e-14
126 7.8908941371434382e-01 6.2524444366009240e-03 2.9227227193499141e+02 6.5786855995258384e+02 1.3852399377628481e+02 1.0886648256638600e+03 1.0886648256638605e+03 -4.5474735088646412e-13 1.6229897497348413e+00 1.0200347677575468e+00 6.8002317850503124e-01 3.7573999426527407e-02 1.1331363754980953e-14
127 7.9534589306148273e-01 6.2564793471388607e-03 2.9112230657559741e+02 6.5844379287455672e+02 1.3909872621370585e+02 1.0886648256638600e+03 1.0886648256638605e+03 -4.5474735088646412e-13 1.6136509496090372e+00 1.0102681456856342e+00 6.7351209712375615e-01 3.8597073777405747e-02 1.1370742529237651e-14
128 8.0160671687368346e-01 6.2608238122007307e-03 2.8996598480499142e+02 6.5901869286650583e+02 1.3968014799236266e+02 1.0886648256638600e+03 1.0886648256638603e+03 -2.2737367544323206e-13 1.6043569027779927e+00 1.0005857684083947e+00 6.6705717893892991e-01 3.9612227241050915e-02 1.1434575466808510e-14
129 8.0787163626172875e-01 6.2649193880452954e-03 2.8880315080558972e+02 6.5959385451605681e+02 1.4026782034221344e+02 1.0886648256638600e+03 1.0886648256638603e+03 -2.2737367544323206e-13 1.5951078887678150e+00 9.9098745773453789e-01 6.6065830515635871e-01 4.0617722670994089e-02 1.1490569811265997e-14
130 8.1414057342916013e-01 6.2689371674313375e-03 2.8763298564937946e+02 6.6017084633317177e+02 1.4086099368130886e+02 1.0886648256638600e+03 1.0886648256638603e+03 -2.2737367544323206e-13 1.5859039260668550e+00 9.8147276275772588e-01 6.5431517517181736e-01 4.1537328354079958e-02 1.1527868721916015e-14
131 8.2041383972016679e-01 6.2732662910066558e-03 2.8645458959381904e+02 6.6075168903332076e+02 1.4145854703672029e+02 1.0886648256638600e+03 1.0886648256638603e+03 -2.2737367544323206e-13 1.5767444628587111e+00 9.7204064724395933e-01 6.4802709816263959e-01 4.2398669623213439e-02 1.1578148513793351e-14
132 8.2669173363067838e-01 6.2778939105116059e-03 2.8526845051387329e+02 6.6133695768789585e+02 1.4205941746209098e+02 1.0886648256638600e+03 1.0886648256638603e+03 -2.2737367544323206e-13 1.5676289759801889e+00 9.6269011418902339e-01 6.4179340945934904e-01 4.3152785778068525e-02 1.1619406368245646e-14
133 8.3297168666907351e-01 6.2799530383951035e-03 2.8407750312141116e+02 6.6192367293700386e+02 1.4266364960544502e+02 1.0886648256638600e+03 1.0886648256638603e+03 -2.2737367544323206e-13 1.5585610811831914e+00 9.5342439697301662e-01 6.3561626464867782e-01 4.3902642115701038e-02 1.1642694678674544e-14
134 8.3923699900640369e-01 6.2653123373301606e-03 2.8288649069850987e+02 6.6250847578775370e+02 1.4326985917759646e+02 1.0886648256638600e+03 1.0886648256638605e+03 -4.5474735088646412e-13 1.5495645489735863e+00 9.4426714789374266e-01 6.2951143192916181e-01 4.4749081089063530e-02 1.1677874426377628e-14
135 8.4548628364268508e-01 6.2492846362814060e-03 2.8169556343066205e+02 6.6309221556466264e+02 1.4387704666853520e+02 1.0886648256638600e+03 1.0886648256638605e+03 -4.5474735088646412e-13 1.5406408164933831e+00 9.3521904674251821e-01 6.2347936449501218e-01 4.5586418293900630e-02 1.1743585921697533e-14
136 8.5171972815326435e-01 6.2334445105792597e-03 2.8050533813112133e+02 6.6367502516376749e+02 1.4448446236897118e+02 1.0886648256638600e+03 1.0886648256638605e+03 -4.5474735088646412e-13 1.5317890553673306e+00 9.2627847107020966e-01 6.1751898071347322e-01 4.6514514895061983e-02 1.1806825505639741e-14
137 8.5793760426107191e-01 6.2178761078075118e-03 2.7931581776437986e+02 6.6425705047166548e+02 1.4509195742781463e+02 1.0886648256638600e+03 1.0886648256638603e+03 -2.2737367544323206e-13 1.5230083337099845e+00 9.1744371147059234e-01 6.1162914098039500e-01 4.7453347987790745e-02 1.1848785835487166e-14
138 8.6414026307262548e-01 6.2026588115535542e-03 2.7812591132234922e+02 6.6484065287354224e+02 1.4569826146796859e+02 1.0886648256638600e+03 1.0886648256638603e+03 -2.2737367544323206e-13 1.5142976265393633e+00 9.0871298380290844e-01 6.0580865586860566e-01 4.8300368271749508e-02 1.1917096291266004e-14
139 8.7032812759901634e-01 6.1878645263908775e-03 2.7693421689396723e+02 6.6542882571433279e+02 1.4630178305555995e+02 1.0886648256638600e+03 1.0886648256638605e+03 -4.5474735088646412e-13 1.5056558295159364e+00 9.0008444453735925e-01 6.0005629635823954e-01 4.8994785504124054e-02 1.1960431381555367e-14
140 8.7650168406477369e-01 6.1735564657573617e-03 2.7574110486635828e+02 6.6602278241031195e+02 1.4690093838718965e+02 1.0886648256638598e+03 1.0886648256638605e+03 -6.8212102632969618e-13 1.4970817739967084e+00 8.9155620694054816e-01 5.9437080462703218e-01 4.9519321935515302e-02 1.2015607677357410e-14
141 8.8266147269210016e-01 6.1597886273264141e-03 2.7454975110066897e+02 6.6661986880520658e+02 1.4749520575798451e+02 1.0886648256638600e+03 1.0886648256638603e+03 -2.2737367544323206e-13 1.4885742422455450e+00 8.8312635709009824e-01 5.8875090472673219e-01 5.0046575621225824e-02 1.2073778422878150e-14
142 8.8880807591162458e-01 6.1466032195244677e-03 2.7336228340709499e+02 6.6721770322906946e+02 1.4808483902769547e+02 1.0886648256638600e+03 1.0886648256638603e+03 -2.2737367544323206e-13 1.4801319856341693e+00 8.7479297247710064e-01 5.8319531498473387e-01 5.0616074509715080e-02 1.2118220660868343e-14
143 8.9493923823175214e-01 6.1311623201275494e-03 2.7217970997612241e+02 6.6781495697143009e+02 1.4867015871630761e+02 1.0886648256638603e+03 1.0886648256638603e+03 0.0000000000000000e+00 1.4717576490749413e+00 8.6655797413617353e-01 5.7770531609078246e-01 5.1267487681868507e-02 1.2145491303165001e-14
144 9.0105451827027794e-01 6.1152800385258265e-03 2.7100241735080857e+02 6.6841129352382927e+02 1.4925111478922216e+02 1.0886648256638600e+03 1.0886648256638603e+03 -2.2737367544323206e-13 1.4634513623217842e+00 8.5842078783915809e-01 5.7228052522610551e-01 5.2137526840288252e-02 1.2191357946146272e-14
145 9.0715432688678033e-01 6.0998086165023812e-03 2.6983012932572302e+02 6.6900676478166054e+02 1.4982793155647659e+02 1.0886648256638603e+03 1.0886648256638603e+03 0.0000000000000000e+00 1.4552121046249258e+00 8.5037972037689946e-01 5.6691981358459975e-01 5.3213018970980026e-02 1.2225528234976588e-14
146 9.1323914519719607e-01 6.0848183104157891e-03 2.6866219508480407e+02 6.6960175920659867e+02 1.5040087137245726e+02 1.0886648256638600e+03 1.0886648256638603e+03 -2.2737367544323206e-13 1.4470387841335293e+00 8.4243302817356169e-01 5.6162201878237450e-01 5.4497639890203169e-02 1.2264343222152775e-14
147 9.1930951537843664e-01 6.0703701812405324e-03 2.6749670017926189e+02 6.7019895445721306e+02 1.5096917102738516e+02 1.0886648256638600e+03 1.0886648256638605e+03 -4.5474735088646412e-13 1.4389302524317966e+00 8.3457893242785031e-01 5.5638595495190024e-01 5.5874587841158931e-02 1.2313747466947727e-14
148 9.2536602883311159e-01 6.0565134546749786e-03 2.6633391116032629e+02 6.7080058050507103e+02 1.5153033399846274e+02 1.0886648256638600e+03 1.0886648256638605e+03 -4.5474735088646412e-13 1.4308853220792546e+00 8.2681563682019532e-01 5.5121042454679692e-01 5.7232948524163510e-02 1.2350874915584057e-14
149 9.3140931446489272e-01 6.0432856317811801e-03 2.6517353883649821e+02 6.7140786143679645e+02 1.5208342539056540e+02 1.0886648256638600e+03 1.0886648256638605e+03 -4.5474735088646412e-13 1.4229027834195040e+00 8.1914134414331907e-01 5.4609422942887942e-01 5.8643036890161190e-02 1.2425432207875895e-14
150 9.3744002510597113e-01 6.0307106410784055e-03 2.6401663382397726e+02 6.7202065859226263e+02 1.5262753324762016e+02 1.0886648256638600e+03 1.0886648256638603e+03 -2.2737367544323206e-13 1.4149814232371618e+00 8.1155427432841465e-01 5.4103618288560984e-01 6.0019660289827234e-02 1.2497559181733264e-14
151 9.4345882182194651e-01 6.0187967159753587e-03 2.6286524606416509e+02 6.7263708416982467e+02 1.5316249542987021e+02 1.0886648256638600e+03 1.0886648256638603e+03 -2.2737367544323206e-13 1.4071200455393980e+00 8.0405268410249697e-01 5.3603512273499809e-01 6.1425124301310779e-02 1.2563139186950900e-14
152 9.4946637180355375e-01 6.0075499816072070e-03 2.6172174853697209e+02 6.7325425227940673e+02 1.5368882484748124e+02 1.0886648256638600e+03 1.0886648256638603e+03 -2.2737367544323206e-13 1.3993174740186907e+00 7.9663486882424128e-01 5.3108991254949423e-01 6.2886800991657818e-02 1.2606177563450496e-14
153 9.5546333583800391e-01 5.9969640344501992e-03 2.6058623855571022e+02 6.7387151789822656e+02 1.5420706920992325e+02 1.0886648256638600e+03 1.0886648256638605e+03 -4.5474735088646412e-13 1.3915725678213380e+00 7.8929917684772732e-01 5.2619945123181833e-01 6.4456009271708761e-02 1.2654264598700766e-14
154 9.6145036018297314e-01 5.9870243449691831e-03 2.5945966722161904e+02 6.7448801482530655e+02 1.5471714361693432e+02 1.0886648256638600e+03 1.0886648256638605e+03 -4.5474735088646412e-13 1.3838842311284629e+00 7.8204401773896637e-01 5.2136267849264428e-01 6.6154085255455422e-02 1.2718619342305398e-14
155 9.6742807433850120e-01 5.9777141555280248e-03 2.5834112164385135e+02 6.7510407264305456e+02 1.5521963137695408e+02 1.0886648256638600e+03 1.0886648256638605e+03 -4.5474735088646412e-13 1.3762514148936185e+00 7.7486786294394450e-01 5.1657857529596307e-01 6.8025096296402215e-02 1.2767890779919479e-14
156 9.7339708575109485e-01 5.9690114125936968e-03 2.5722857224578104e+02 6.7572112733629001e+02 1.5571512608178898e+02 1.0886648256638600e+03 1.0886648256638605e+03 -4.5474735088646412e-13 1.3686640621331498e+00 7.6771625612753414e-01 5.1181083741835620e-01 7.0046893220973461e-02 1.2801469076989510e-14
157 9.7935797805534941e-01 5.9608923042545952e-03 2.5612096441044406e+02 6.7634016872381756e+02 1.5620369252959833e+02 1.0886648256638600e+03 1.0886648256638605e+03 -4.5474735088646412e-13 1.3609355042422873e+00 7.6050529657312249e-01 5.0700353104874840e-01 7.2188106274812786e-02 1.2846616103394942e-14
158 9.8531131527948312e-01 5.9533372241337354e-03 2.5501850097149722e+02 6.7696126239900514e+02 1.5668506229335756e+02 1.0886648256638600e+03 1.0886648256638603e+03 -2.2737367544323206e-13 1.3532619364031659e+00 7.5337267493021698e-01 5.0224844995347806e-01 7.4441483503965941e-02 1.2903267473512054e-14
159 9.9125763367716302e-01 5.9463183976799124e-03 2.5392143278052336e+02 6.7758505411479996e+02 1.5715833876853665e+02 1.0886648256638600e+03 1.0886648256638605e+03 -4.5474735088646412e-13 1.3456425809400885e+00 7.4631714236407354e-01 4.9754476157604910e-01 7.6695034430930634e-02 1.2935337119966954e-14
160 9.9719416930318261e-01 5.9365356260196178e-03 2.5282843998646965e+02 6.7821362034497258e+02 1.5762276533241774e+02 1.0886648256638600e+03 1.0886648256638603e+03 -2.2737367544323206e-13 1.3380808661798813e+00 7.3934133602472940e-01 4.9289422401648630e-01 7.8925857728974647e-02 1.2986834372862523e-14
161 1.0031210741824921e+00 5.9269048793094197e-03 2.5174174295136237e+02 6.7884582740524525e+02 1.5807725530725222e+02 1.0886648256638598e+03 1.0886648256638600e+03 -2.2737367544323206e-13 1.3305764535186002e+00 7.3244439252255855e-01 4.8829626168170576e-01 8.1052188925018531e-02 1.3038366637104042e-14
