# resolution step time dt l1_transverse l2_transverse uniform_core_linf min_rho_raw min_ei_raw min_p_raw divB_face_L2 E_cons
32 1 1.12766794541736669e-02 1.12766794541736669e-02 7.88926943007676925e-05 9.92495145988344491e-05 0.00000000000000000e+00 9.99999153547388997e-01 1.49931795940156398e+00 9.99545306267709432e-01 1.15989593771947163e-14 4.96100672566830326e+02
32 2 2.25533559629373173e-02 1.12766765087636504e-02 7.90812796073694815e-05 9.92947689704813273e-05 0.00000000000000000e+00 9.99998953616278996e-01 1.49931741779055594e+00 9.99544945193704071e-01 1.16071124501541321e-14 4.96100672614172595e+02
32 3 3.38300302070600883e-02 1.12766742441227693e-02 7.93692385983154133e-05 9.93710421390693415e-05 0.00000000000000000e+00 9.99998690626320963e-01 1.49931673039968594e+00 9.99544486933124032e-01 1.16246369326895345e-14 4.96100672687212352e+02
32 4 4.51067028581057863e-02 1.12766726510456997e-02 7.97394847795231685e-05 9.94776659852913389e-05 0.00000000000000000e+00 9.99998369818031141e-01 1.49931589108037322e+00 9.99543927386915554e-01 1.16374019185273882e-14 4.96100672784623612e+02
32 5 5.63833745803931571e-02 1.12766717222873708e-02 8.01784309911861710e-05 9.96139824113233897e-05 0.00000000000000000e+00 9.99997993057523682e-01 1.49931490584493021e+00 9.99543270563286956e-01 1.16560192705810652e-14 4.96100672905069473e+02
32 6 6.76600460367700329e-02 1.12766714563768706e-02 8.06753249594487906e-05 9.97793210242818048e-05 0.00000000000000000e+00 9.99997561213919361e-01 1.49931377718932723e+00 9.99542518126218305e-01 1.16689466858053767e-14 4.96100673047183363e+02
32 7 7.89367178901487637e-02 1.12766718533787325e-02 8.12215178990144051e-05 9.99729614335179335e-05 0.00000000000000000e+00 9.99997074547254283e-01 1.49931250597796506e+00 9.99541670651976855e-01 1.16838004199049653e-14 4.96100673209606668e+02
32 8 9.02133908052327460e-02 1.12766729150839840e-02 8.18099417600312486e-05 1.00194118160058814e-04 0.00000000000000000e+00 9.99996532826629148e-01 1.49931109170464127e+00 9.99540727803094331e-01 1.16944894605380818e-14 4.96100673390990039e+02
32 9 1.01490065449668279e-01 1.12766746444355383e-02 8.24346992576474488e-05 1.00441940592968079e-04 0.00000000000000000e+00 9.99995935590085039e-01 1.49930953320852867e+00 9.99539688805685889e-01 1.16992238957725489e-14 4.96100673589949224e+02
